20
Pueblo County
-104.6236050000 41.4374669292
Morgan County
-103.7960350000 44.0573765173
Garfield County
-107.6528130000 43.1080386543
El Paso County
-104.7488280000 42.2425204493
Eagle County
-106.7057760000 43.1753128269
Adams County
-104.8699540000 43.5376827408
Fremont County
-105.3003060000 41.6820644286
Douglas County
-104.8887160000 43.0108624206
Otero County
-103.7025780000 41.1581903271
Montrose County
-108.1516540000 41.6640573420
Denver County
-104.9654860000 43.3549091473
Delta County
-107.9117360000 42.1768908438
Elbert County
-104.2921560000 42.7941319555
Logan County
-103.1295860000 44.5813925424
Larimer County
-105.2130070000 44.4114712237
Boulder County
-105.1951540000 43.7873718360
Montezuma County
-108.5758420000 40.3210749209
La Plata County
-107.7982090000 40.2095375424
Mesa County
-108.5090960000 42.5381155329
Weld County
-104.7282130000 44.1652186601
95
08
25
-105.4855190000 40.6035602563
-105.7433400000 40.3249861595
-105.7505720000 40.2960035641
-105.7201390000 40.2362349893
-105.7463230000 40.1882719391
-105.7322920000 40.0698016819
-105.7706300000 39.9293630428
-105.7184070000 39.8719685105
-105.1550450000 39.8712423143
-105.1541750000 40.2449229612
-105.1654820000 40.2433881789
-105.1668470000 40.3644913302
-105.1300200000 40.3917223419
-105.1567310000 40.4515038176
-105.1754150000 40.4513123354
-105.1798170000 40.5672125943
-105.2184300000 40.6106214983
-105.1931610000 40.6221659299
-105.1880340000 40.6561323042
-105.2365950000 40.6587999973
-105.2976230000 40.7048634347
-105.3703610000 40.6807883127
-105.4010770000 40.6495486156
-105.4427340000 40.6458978027
-105.4855190000 40.6035602563
08
23
-105.1541750000 40.2449229612
-105.1550450000 39.8712423143
-103.0861050000 39.8775040605
-103.0759350000 40.6862704105
-103.4043430000 40.6864686863
-104.0511320000 40.6870559389
-104.0611340000 40.8016215756
-104.3511120000 40.9063608227
-104.4531170000 40.8209798925
-104.5484770000 40.6325745498
-104.5486530000 40.5995213535
-104.6097180000 40.5515422221
-104.6271970000 40.5204702679
-104.6427230000 40.5053370768
-104.6897050000 40.4982837361
-104.6952360000 40.4303473939
-104.7484510000 40.3887160087
-104.8830410000 40.3618218982
-104.9467390000 40.3685868717
-104.9947360000 40.3489326621
-105.0234760000 40.3059309350
-105.0982890000 40.2582631661
-105.1541750000 40.2449229612
08
16
-106.4762270000 39.8693604903
-105.7184070000 39.8719685105
-105.7706300000 39.9293630428
-105.7322920000 40.0698016819
-105.7463230000 40.1882719391
-105.7201390000 40.2362349893
-105.7505720000 40.2960035641
-105.7433400000 40.3249861595
-106.0389250000 40.3297467921
-106.0393750000 40.3803320178
-106.6783750000 40.3838806461
-106.6787030000 40.1907354690
-106.6783520000 40.1638009235
-106.6034090000 40.1246770160
-106.5912550000 40.0702659132
-106.4762270000 39.8693604903
08
12
-104.9415360000 41.7993804054
-104.9404070000 41.4765396961
-104.9403690000 41.4660160330
-105.0492170000 41.4656327054
-105.0499190000 41.0304837689
-105.0137630000 40.9899433793
-104.6465380000 41.0115255534
-104.3511120000 40.9063608227
-104.0611340000 40.8016215756
-104.0582430000 41.3237691437
-104.0539250000 41.8029886257
-104.9415360000 41.7993804054
08
13
-105.0335460000 42.5826955308
-105.0337370000 42.2470670577
-105.0662840000 42.2469797196
-105.0721820000 42.1577137497
-105.0531850000 42.1573904017
-104.9389800000 42.1486206651
-104.9424290000 41.9660892082
-104.9415360000 41.7993804054
-104.0539250000 41.8029886257
-104.0553970000 42.2468756846
-104.0515670000 42.5764705445
-104.6629940000 42.5824106339
-105.0335460000 42.5826955308
08
9
-102.7476120000 40.6865495123
-103.0759350000 40.6862704105
-103.0861050000 39.8775040605
-102.8293610000 39.8770595518
-102.8195340000 39.8771985388
-102.8305280000 39.8771985388
-102.0454640000 39.8685153718
-102.0415880000 40.6873590384
-102.7476120000 40.6865495123
08
23
-104.9433750000 45.0242661425
-106.1905520000 45.0234221361
-106.1858370000 44.9403016258
-106.1316220000 44.8902256527
-106.1309130000 44.8608280883
-106.0585940000 44.7852214942
-105.9908830000 44.6663702190
-105.9114530000 44.4550690544
-105.9080660000 44.3873435596
-105.8704610000 44.3946035293
-105.8526150000 44.3758174972
-105.8549270000 44.3485387048
-105.8073430000 44.3331211858
-105.8172300000 44.2699935829
-105.7741780000 44.1897162024
-105.7032780000 44.1363468272
-105.6822360000 44.0688087149
-105.6533200000 44.0521556532
-105.0551380000 44.0542903519
-105.0529330000 44.1687653184
-104.9458080000 44.1688007464
-104.9456020000 44.1875979233
-104.9433750000 45.0242661425
08
51
-105.4732060000 41.0057582448
-105.4775770000 40.9860866871
-105.4526210000 40.9835148028
-105.4291530000 40.9505122894
-105.4572530000 40.8228188120
-105.4543910000 40.7877843753
-105.4775850000 40.7668124737
-105.4986040000 40.6492936096
-105.4855190000 40.6035602563
-105.4427340000 40.6458978027
-105.4010770000 40.6495486156
-105.3703610000 40.6807883127
-105.2976230000 40.7048634347
-105.2365950000 40.6587999973
-105.1880340000 40.6561323042
-105.1931610000 40.6221659299
-105.2184300000 40.6106214983
-105.1798170000 40.5672125943
-105.1754150000 40.4513123354
-105.1567310000 40.4515038176
-105.1300200000 40.3917223419
-105.1668470000 40.3644913302
-105.1654820000 40.2433881789
-105.1541750000 40.2449229612
-105.0982890000 40.2582631661
-105.0234760000 40.3059309350
-104.9947360000 40.3489326621
-104.9467390000 40.3685868717
-104.8830410000 40.3618218982
-104.7484510000 40.3887160087
-104.6952360000 40.4303473939
-104.6897050000 40.4982837361
-104.6427230000 40.5053370768
-104.6271970000 40.5204702679
-104.6097180000 40.5515422221
-104.5486530000 40.5995213535
-104.5484770000 40.6325745498
-104.4531170000 40.8209798925
-104.3511120000 40.9063608227
-104.6465380000 41.0115255534
-105.0137630000 40.9899433793
-105.0499190000 41.0304837689
-105.0818250000 41.0796425144
-105.1262050000 41.0761980724
-105.1495210000 41.1469475652
-105.1693730000 41.1611973425
-105.2499310000 41.0753040094
-105.2844620000 41.0102493900
-105.3187710000 41.0601100548
-105.4154890000 40.9992284750
-105.4732060000 41.0057582448
08
10
-105.7433400000 40.3249861595
-105.4855190000 40.6035602563
-105.4986040000 40.6492936096
-105.4775850000 40.7668124737
-105.4543910000 40.7877843753
-105.4572530000 40.8228188120
-106.0387500000 40.8188918646
-106.0393750000 40.3803320178
-106.0389250000 40.3297467921
-105.7433400000 40.3249861595
08
5
-102.0465700000 42.4760454215
-103.1630250000 42.4639040126
-103.1729350000 41.9180824289
-102.0452880000 41.9217541849
-102.0465700000 42.4760454215
08
5
-102.0415880000 40.6873590384
-102.0445710000 41.4794449627
-102.7423320000 41.4771179401
-102.7476120000 40.6865495123
-102.0415880000 40.6873590384
08
56
-105.8549270000 44.3485387048
-105.8526150000 44.3758174972
-105.8704610000 44.3946035293
-105.9080660000 44.3873435596
-105.9114530000 44.4550690544
-105.9908830000 44.6663702190
-106.0585940000 44.7852214942
-106.1309130000 44.8608280883
-106.1316220000 44.8902256527
-106.1858370000 44.9403016258
-106.1905520000 45.0234221361
-106.8577730000 45.0301598395
-106.8506010000 45.0147533249
-106.8730620000 44.9937122147
-106.8523710000 44.9279470388
-106.8250270000 44.9367316671
-106.8096690000 44.8941363720
-106.7693100000 44.8998651770
-106.7410740000 44.8810356209
-106.7409440000 44.8576250446
-106.6863480000 44.8756770885
-106.6550290000 44.8275536233
-106.6639710000 44.7996598856
-106.6367490000 44.7790469866
-106.6368480000 44.7491689365
-106.6697010000 44.7114438960
-106.6682430000 44.6258567875
-106.6868820000 44.6077057490
-106.6802060000 44.5624031946
-106.7053990000 44.5217031377
-106.6928630000 44.4436907663
-106.6557310000 44.3782164987
-106.6673200000 44.3336378203
-106.6521150000 44.2946213575
-106.6238100000 44.2767591320
-106.6290740000 44.2611938894
-106.6028140000 44.2045613287
-106.5355450000 44.1903724330
-106.4909130000 44.2495253682
-106.4434200000 44.1650270947
-106.3570630000 44.1800334298
-106.3061900000 44.1413706470
-106.2927860000 44.1781660285
-106.2659910000 44.1838890884
-106.2304610000 44.1346849631
-106.1898570000 44.1386685048
-106.1712490000 44.1615225713
-106.1374440000 44.1435271730
-106.1041640000 44.1708477179
-106.0194400000 44.1998594461
-105.9603200000 44.1670634820
-105.9386980000 44.1906467388
-105.9464870000 44.2148926967
-105.9048080000 44.2338848212
-105.8924330000 44.3341952106
-105.8549270000 44.3485387048
08
22
-109.0508270000 44.0026461114
-109.0511630000 43.2693779092
-108.8957060000 43.2693973937
-108.8957210000 43.2588737441
-108.8883440000 43.2561930213
-108.5546260000 43.2635846848
-108.5547260000 43.3124738281
-108.5431980000 43.3126817635
-107.9385680000 43.3228308993
-107.9313350000 43.4833345021
-107.4317700000 43.4877460447
-107.4317630000 43.4999557454
-107.4316640000 43.6041654454
-107.4208300000 43.6038264483
-107.3187480000 43.6005734451
-107.3187940000 43.6118245160
-107.3169940000 43.8300699884
-107.3083040000 43.8300804456
-107.0373610000 43.8310764969
-107.0399480000 44.0060238610
-107.4393840000 44.0035799239
-109.0508270000 44.0026461114
08
28
-107.4309460000 42.8879058709
-109.0507660000 42.8885513198
-109.0599590000 41.7743581016
-108.3786620000 41.7771794796
-108.3787000000 41.9894206468
-108.3788300000 42.1960180479
-108.1417010000 42.2951246825
-108.1409230000 42.3180106368
-108.0876080000 42.3678714454
-108.0947950000 42.3893529150
-107.9838260000 42.4904871819
-107.9086610000 42.4933217190
-107.8587110000 42.5186806565
-107.7666400000 42.4719096928
-107.6886670000 42.5281018975
-107.6196210000 42.6144690754
-107.5428470000 42.6502348737
-107.5430070000 42.6667959556
-107.5010220000 42.6963052990
-107.4842070000 42.7188780567
-107.4306720000 42.7252664736
-107.4298630000 42.7467926103
-107.3944850000 42.7458911733
-107.3788380000 42.7702860867
-107.3977810000 42.7956037139
-107.4651870000 42.8211055039
-107.4302600000 42.8659995608
-107.4309460000 42.8879058709
08
18
-107.4817350000 39.8771797568
-107.4821320000 40.4078987647
-107.4821780000 40.6813187021
-107.9719850000 40.6814146776
-108.0228960000 40.6195712117
-108.0445020000 40.4331245649
-108.0784300000 40.4277441064
-108.1062320000 40.3564744512
-108.1977920000 40.3226298358
-108.2200550000 40.2372128491
-108.2974470000 40.1422680931
-108.2905580000 40.0600282579
-108.3104250000 40.0382129400
-108.3351820000 39.9446236459
-108.3555600000 39.9091784546
-108.3723220000 39.9128435063
-108.3792040000 39.8765637080
-107.4817350000 39.8771797568
08
39
-107.1134490000 42.8877622948
-107.4309460000 42.8879058709
-107.4302600000 42.8659995608
-107.4651870000 42.8211055039
-107.3977810000 42.7956037139
-107.3788380000 42.7702860867
-107.3944850000 42.7458911733
-107.3714980000 42.7233103927
-107.3762130000 42.6712954258
-107.3530960000 42.6382623571
-107.2959290000 42.6138397628
-107.2761150000 42.5683912028
-107.0657270000 42.5679877702
-106.9885030000 42.5050742072
-106.9950790000 42.4588406356
-106.9057310000 42.4054985429
-106.8608470000 42.4274560445
-106.8438640000 42.3971063186
-106.8004000000 42.3885437791
-106.7450330000 42.4509545333
-106.7487790000 42.4703041228
-106.7020870000 42.4868968091
-106.6539990000 42.4709762184
-106.6472320000 42.4434024868
-106.5992130000 42.4129149126
-106.5949630000 42.4739337557
-106.5779650000 42.4900403093
-106.5861050000 42.5321216495
-106.5606690000 42.5673291348
-106.5614010000 42.6155806997
-106.5211560000 42.6181689543
-106.4940110000 42.6703753841
-106.4975970000 42.7266067040
-106.4812240000 42.7495964208
-106.5028530000 42.7991727306
-106.4851230000 42.8185864088
-106.4324570000 42.8234824876
-106.4264910000 42.8823350238
-107.1134490000 42.8877622948
08
8
-102.0512920000 44.6954650324
-102.6511840000 44.6949911499
-102.6507640000 44.6370133004
-102.6593250000 44.6368470898
-102.6645970000 44.6115287216
-102.6650770000 44.2859059271
-102.0514680000 44.2877545829
-102.0512920000 44.6954650324
08
32
-105.4572530000 40.8228188120
-105.4291530000 40.9505122894
-105.4526210000 40.9835148028
-105.4775770000 40.9860866871
-105.4732060000 41.0057582448
-105.5351030000 41.0807509518
-105.5844650000 41.0968970785
-105.6035230000 41.1773612401
-105.6614460000 41.2658027362
-105.6733860000 41.3398647055
-105.7881550000 41.4458189960
-105.7968980000 41.4746394133
-105.8585360000 41.5177594583
-106.0107500000 41.7061231882
-106.0585780000 41.7192895443
-106.0765380000 41.6768692248
-106.2469410000 41.6757395939
-107.0006030000 41.6791425691
-107.0011220000 41.3245066529
-107.0006030000 41.0819114009
-106.9682920000 41.1056790577
-106.9463200000 41.0793330674
-106.8978350000 41.0969452801
-106.8528980000 41.0411407437
-106.7785340000 41.0043567071
-106.6971590000 40.9805958635
-106.6938480000 40.9288365914
-106.6044460000 40.9281022106
-106.5871350000 40.9278033952
-106.5864030000 40.8197215055
-106.0387500000 40.8188918646
-105.4572530000 40.8228188120
08
13
-107.1286770000 40.4082400003
-107.4821320000 40.4078987647
-107.4817350000 39.8771797568
-106.4762270000 39.8693604903
-106.5912550000 40.0702659132
-106.6034090000 40.1246770160
-106.6783520000 40.1638009235
-106.6787030000 40.1907354690
-106.6783750000 40.3838806461
-106.7107770000 40.3846775008
-106.7107700000 40.3746172318
-107.1256030000 40.3698983887
-107.1286770000 40.4082400003
08
20
-109.0599590000 41.7743581016
-109.0600810000 41.5148478911
-109.0420760000 41.3320639161
-107.9657900000 41.3311902788
-107.9496080000 41.3313708552
-107.9376530000 41.4091939008
-107.9841160000 41.4482572795
-108.0421830000 41.4621497184
-108.0866010000 41.4621051472
-108.0866850000 41.4883855028
-108.0961230000 41.4991002588
-108.1046450000 41.5266794910
-108.1320340000 41.5518794116
-107.6411440000 41.5601462072
-107.6350400000 41.5215847726
-107.5006180000 41.5216918124
-107.5006100000 41.9900174890
-108.3787000000 41.9894206468
-108.3786620000 41.7771794796
-109.0599590000 41.7743581016
08
11
-105.0551380000 44.0542903519
-105.0527340000 43.7116128675
-104.1503370000 43.7125984567
-104.1478270000 44.3909714966
-103.5818480000 44.3973635006
-103.5745240000 45.0289103107
-104.9433750000 45.0242661425
-104.9456020000 44.1875979233
-104.9458080000 44.1688007464
-105.0529330000 44.1687653184
-105.0551380000 44.0542903519
08
11
-109.0508270000 44.0026461114
-107.4393840000 44.0035799239
-107.4288100000 44.4221387032
-107.4143450000 44.4222084468
-107.3713380000 44.4325758451
-107.3685840000 44.4986186666
-107.3141630000 44.5002768584
-107.3177950000 45.0304977321
-109.0313420000 45.0273083429
-109.0500790000 45.0275057716
-109.0508270000 44.0026461114
08
13
-102.6534650000 45.0297199185
-103.5745240000 45.0289103107
-103.5818480000 44.3973635006
-103.4673770000 44.3971477514
-103.4668350000 44.3782809465
-103.4653780000 44.2829431657
-102.7799300000 44.2859308909
-102.6650770000 44.2859059271
-102.6645970000 44.6115287216
-102.6593250000 44.6368470898
-102.6507640000 44.6370133004
-102.6511840000 44.6949911499
-102.6534650000 45.0297199185
08
6
-103.0759350000 40.6862704105
-102.7476120000 40.6865495123
-102.7423320000 41.4771179401
-103.3999400000 41.4751348586
-103.4043430000 40.6864686863
-103.0759350000 40.6862704105
08
15
-104.0611340000 40.8016215756
-104.0511320000 40.6870559389
-103.4043430000 40.6864686863
-103.3999400000 41.4751348586
-103.5017620000 41.4746012042
-103.5081410000 41.4747655032
-103.5095370000 41.3585007439
-103.6171040000 41.3555267651
-103.6192470000 41.2830524786
-103.8342290000 41.2813163026
-103.9073640000 41.3099889740
-103.9301220000 41.2964498336
-103.9932480000 41.3235949399
-104.0582430000 41.3237691437
-104.0611340000 40.8016215756
08
32
-107.7382810000 41.0177532786
-107.7340160000 41.0503295122
-107.7959060000 41.1232861037
-107.8493650000 41.1306100321
-107.8429030000 41.1450070633
-107.8900220000 41.1529228897
-107.9000850000 41.1712942127
-107.8882060000 41.1958351670
-107.8914720000 41.2849475658
-107.9100570000 41.2848992666
-107.9515760000 41.2851610991
-107.9515300000 41.2964307658
-107.9657900000 41.3311902788
-109.0420760000 41.3320639161
-109.0415120000 40.9870039674
-108.8213500000 40.9866897598
-108.8168870000 41.0051639193
-108.2991100000 41.0035114861
-108.2565000000 41.0040335707
-108.2101670000 40.9109623889
-108.1406100000 40.9250938418
-108.1133270000 40.9538748350
-108.0913930000 40.9349321751
-107.9902570000 40.9558214940
-107.9727630000 40.9261801860
-107.9216920000 40.9142703398
-107.8608470000 40.8532433777
-107.8240430000 40.8733551824
-107.8275830000 40.8998126846
-107.7962880000 40.9140817087
-107.7824550000 40.9700319411
-107.7382810000 41.0177532786
08
27
-107.5688780000 41.0932959834
-107.6416930000 41.0931463107
-107.6384280000 41.0369244570
-107.6509400000 41.0230080075
-107.7010880000 41.0007895971
-107.7382810000 41.0177532786
-107.7824550000 40.9700319411
-107.7962880000 40.9140817087
-107.8275830000 40.8998126846
-107.8240430000 40.8733551824
-107.8608470000 40.8532433777
-107.8756260000 40.7806845006
-107.9677050000 40.7541165787
-107.9739000000 40.7384453030
-107.9574050000 40.6948800091
-107.9719850000 40.6814146776
-107.4821780000 40.6813187021
-107.4820630000 40.8439386238
-107.4665600000 40.8421233242
-107.4593350000 40.8770971260
-107.4860530000 40.9127347169
-107.5168610000 40.9192546415
-107.5186460000 40.9577643939
-107.5355380000 40.9780013273
-107.5202940000 41.0127928631
-107.5342710000 41.0678246525
-107.5688780000 41.0932959834
08
11
-103.5017620000 41.4746012042
-103.3999400000 41.4751348586
-102.7423320000 41.4771179401
-102.0445710000 41.4794449627
-102.0452880000 41.9217541849
-103.1729350000 41.9180824289
-103.1728360000 41.8065381892
-103.1982960000 41.8062799881
-103.5046770000 41.8041441042
-103.5046690000 41.7953441721
-103.5017620000 41.4746012042
08
57
-106.2469410000 41.6757395939
-106.2455370000 41.6968053389
-106.2729640000 41.7074817476
-106.3117520000 41.7679336557
-106.3454280000 41.7834870036
-106.3473820000 41.8671831358
-106.3652500000 41.9225835178
-106.3859250000 41.9364349972
-106.3831630000 41.9520578579
-106.4301610000 41.9706810076
-106.4501340000 42.0336922939
-106.4247060000 42.0465481193
-106.4167560000 42.0735484062
-106.4160770000 42.1895742667
-106.3835910000 42.1903379979
-106.3492580000 42.2293673843
-106.3208620000 42.2808462006
-106.3278810000 42.3011158342
-106.3755800000 42.2981099283
-106.3829960000 42.3176674400
-106.4032060000 42.3008755123
-106.4218290000 42.3229826361
-106.4653240000 42.3007765564
-106.5270840000 42.3600716622
-106.5296170000 42.3907718144
-106.5545350000 42.4138966876
-106.5992130000 42.4129149126
-106.6472320000 42.4434024868
-106.6539990000 42.4709762184
-106.7020870000 42.4868968091
-106.7487790000 42.4703041228
-106.7450330000 42.4509545333
-106.8004000000 42.3885437791
-106.8438640000 42.3971063186
-106.8608470000 42.4274560445
-106.9057310000 42.4054985429
-106.9950790000 42.4588406356
-106.9885030000 42.5050742072
-107.0657270000 42.5679877702
-107.2761150000 42.5683912028
-107.2959290000 42.6138397628
-107.3530960000 42.6382623571
-107.3762130000 42.6712954258
-107.3714980000 42.7233103927
-107.3944850000 42.7458911733
-107.4298630000 42.7467926103
-107.4306720000 42.7252664736
-107.4842070000 42.7188780567
-107.5010220000 42.6963052990
-107.5006100000 41.9900174890
-107.5006180000 41.5216918124
-107.6350400000 41.5215847726
-107.5802840000 41.4304904755
-107.5686190000 41.3247533383
-107.0011220000 41.3245066529
-107.0006030000 41.6791425691
-106.2469410000 41.6757395939
08
11
-102.0514680000 44.2877545829
-102.6650770000 44.2859059271
-102.7799300000 44.2859308909
-102.7802730000 44.1712387474
-102.7937010000 44.1713332246
-102.7936170000 44.1507723834
-102.7999730000 43.7144756752
-102.8035890000 43.7114888537
-102.8027800000 43.1491463995
-102.0498050000 43.1571986932
-102.0514680000 44.2877545829
08
18
-107.9719850000 40.6814146776
-108.9228520000 40.6629954863
-109.0434880000 40.4860147537
-109.0452190000 39.8761818099
-108.3792040000 39.8765637080
-108.3723220000 39.9128435063
-108.3555600000 39.9091784546
-108.3351820000 39.9446236459
-108.3104250000 40.0382129400
-108.2905580000 40.0600282579
-108.2974470000 40.1422680931
-108.2200550000 40.2372128491
-108.1977920000 40.3226298358
-108.1062320000 40.3564744512
-108.0784300000 40.4277441064
-108.0445020000 40.4331245649
-108.0228960000 40.6195712117
-107.9719850000 40.6814146776
08
35
-103.7057040000 43.7132864174
-104.1503370000 43.7125984567
-105.0527340000 43.7116128675
-105.0530400000 43.5998133415
-105.0531390000 43.4393325465
-104.9785390000 43.4401121101
-104.9689480000 43.4450616513
-104.9038310000 43.4319107644
-104.8819350000 43.4678385345
-104.8628310000 43.4489649929
-104.7912290000 43.4500023551
-104.7908330000 43.5054998852
-104.7718280000 43.5053761574
-104.7321400000 43.5095048512
-104.7318570000 43.5234969402
-104.7314150000 43.5792499771
-104.6802220000 43.5896627336
-104.6004330000 43.5803592403
-104.6003190000 43.5614058980
-104.6198040000 43.5425516899
-104.6217190000 43.4855454546
-104.6591340000 43.4690713955
-104.6780010000 43.4805884658
-104.7624660000 43.4807173675
-104.7629010000 43.4677747439
-104.7570720000 43.4488309307
-104.7343290000 43.4487020749
-104.7344280000 43.4303517868
-104.7356260000 43.4109644335
-104.8566280000 43.4096647201
-104.8517150000 43.3922264464
-104.8800350000 43.3871601617
-104.8847350000 43.3729864921
-103.7065580000 43.3726431681
-103.7057040000 43.7132864174
08
2
-104.7629170000 43.4272300093
-104.7629170000 43.4272300093
08
2
-104.7722240000 43.4320448013
-104.7722240000 43.4320448013
08
2
-104.9108350000 43.2944697446
-104.9108350000 43.2944697446
08
2
-104.9294740000 43.3234742754
-104.9294740000 43.3234742754
08
28
-104.8847350000 43.3729864921
-104.8686290000 43.3164298828
-104.9034500000 43.3184131743
-104.8891300000 43.2973296251
-104.9079280000 43.2944489553
-104.8880310000 43.2762809072
-104.8682330000 43.2852462442
-104.8507310000 43.2630300616
-104.8761440000 43.2507629847
-104.8800810000 43.2561878262
-104.8870470000 43.2221272781
-104.9133380000 43.2238111733
-104.9326320000 43.2596556366
-105.0076680000 43.2743375180
-105.0154340000 43.2908316822
-105.0343400000 43.2580957548
-105.0276790000 43.2278632971
-105.0533370000 43.2318649650
-105.0534360000 43.2299186416
-105.0533370000 43.2271894452
-105.0534360000 43.2225141687
-105.0534360000 43.2186661093
-105.0487370000 43.1468607017
-104.6605220000 43.1464689478
-103.7143550000 43.1471720306
-103.7070690000 43.1471279256
-103.7065580000 43.3726431681
-104.8847350000 43.3729864921
08
2
-104.8994750000 43.2221272781
-104.8994750000 43.2221272781
08
4
-104.9261320000 43.2810875988
-104.9138720000 43.2636002715
-104.9231340000 43.2891413327
-104.9261320000 43.2810875988
08
2
-104.9316330000 43.2784906543
-104.9316330000 43.2784906543
08
4
-104.9341130000 43.3182988024
-104.9363330000 43.3351468302
-104.9341130000 43.3182988024
-104.9341130000 43.3182988024
08
2
-104.8987350000 43.3020087992
-104.8987350000 43.3020087992
08
2
-104.9031450000 43.2244006090
-104.9031450000 43.2244006090
08
2
-104.9012370000 43.2223856378
-104.9012370000 43.2223856378
08
2
-104.8986820000 43.2221129970
-104.8986820000 43.2221129970
08
32
-105.3989490000 43.1468607017
-105.3978730000 42.5823655146
-105.3755490000 42.5823410213
-105.3304440000 42.5825227878
-105.3288880000 42.5825279443
-105.2829280000 42.6731510223
-105.2603300000 42.6865568353
-105.2535930000 42.7284479391
-105.2175290000 42.7511087839
-105.1668010000 42.8814865572
-105.1707460000 42.9376072903
-105.1237560000 42.9756347882
-105.1325450000 43.0193065099
-105.0896380000 43.0494935707
-105.0770950000 43.1109807825
-105.0487370000 43.1468607017
-105.0534360000 43.2186661093
-105.0914610000 43.2096230394
-105.0969620000 43.2147779710
-105.0643310000 43.2163734505
-105.1098560000 43.2258910935
-105.0554500000 43.2575554523
-105.0813370000 43.2790115961
-105.0536420000 43.2790115961
-105.0573120000 43.2977363306
-105.0533370000 43.4289724136
-105.0651400000 43.4374311686
-105.0531390000 43.4393325465
-105.0530400000 43.5998133415
-105.3978500000 43.5978590056
-105.3979490000 43.3819562995
-105.3989490000 43.1468607017
08
2
-105.0639950000 43.2600426889
-105.0639950000 43.2600426889
08
4
-105.0533370000 43.2318649650
-105.0589900000 43.2413400984
-105.0534360000 43.2299186416
-105.0533370000 43.2318649650
08
3
-105.0533370000 43.2271894452
-105.0534360000 43.2225141687
-105.0533370000 43.2271894452
08
2
-105.0807110000 43.2378781892
-105.0807110000 43.2378781892
08
2
-105.0635380000 43.2595426384
-105.0635380000 43.2595426384
08
2
-104.9108350000 43.2944697446
-104.9108350000 43.2944697446
08
2
-105.0807110000 43.2378781892
-105.0807110000 43.2378781892
08
2
-104.9294740000 43.3234742754
-104.9294740000 43.3234742754
08
2
-104.7629170000 43.4272300093
-104.7629170000 43.4272300093
08
62
-105.0533370000 43.2318649650
-105.0276790000 43.2278632971
-105.0343400000 43.2580957548
-105.0154340000 43.2908316822
-105.0076680000 43.2743375180
-104.9326320000 43.2596556366
-104.9133380000 43.2238111733
-104.8870470000 43.2221272781
-104.8800810000 43.2561878262
-104.8761440000 43.2507629847
-104.8507310000 43.2630300616
-104.8682330000 43.2852462442
-104.8880310000 43.2762809072
-104.9079280000 43.2944489553
-104.8891300000 43.2973296251
-104.9034500000 43.3184131743
-104.8686290000 43.3164298828
-104.8847350000 43.3729864921
-104.8800350000 43.3871601617
-104.8517150000 43.3922264464
-104.8566280000 43.4096647201
-104.7356260000 43.4109644335
-104.7344280000 43.4303517868
-104.7343290000 43.4487020749
-104.7570720000 43.4488309307
-104.7629010000 43.4677747439
-104.7624660000 43.4807173675
-104.6780010000 43.4805884658
-104.6591340000 43.4690713955
-104.6217190000 43.4855454546
-104.6198040000 43.5425516899
-104.6003190000 43.5614058980
-104.6004330000 43.5803592403
-104.6802220000 43.5896627336
-104.7314150000 43.5792499771
-104.7318570000 43.5234969402
-104.7321400000 43.5095048512
-104.7718280000 43.5053761574
-104.7908330000 43.5054998852
-104.7912290000 43.4500023551
-104.8628310000 43.4489649929
-104.8819350000 43.4678385345
-104.9038310000 43.4319107644
-104.9689480000 43.4450616513
-104.9785390000 43.4401121101
-105.0531390000 43.4393325465
-105.0651400000 43.4374311686
-105.0533370000 43.4289724136
-105.0573120000 43.2977363306
-105.0536420000 43.2790115961
-105.0813370000 43.2790115961
-105.0554500000 43.2575554523
-105.1098560000 43.2258910935
-105.0643310000 43.2163734505
-105.0969620000 43.2147779710
-105.0914610000 43.2096230394
-105.0534360000 43.2186661093
-105.0534360000 43.2225141687
-105.0533370000 43.2271894452
-105.0534360000 43.2299186416
-105.0589900000 43.2413400984
-105.0533370000 43.2318649650
08
4
-104.9341130000 43.3182988024
-104.9363330000 43.3351468302
-104.9341130000 43.3182988024
-104.9341130000 43.3182988024
08
2
-104.8994750000 43.2221272781
-104.8994750000 43.2221272781
08
2
-104.8986820000 43.2221129970
-104.8986820000 43.2221129970
08
2
-104.9316330000 43.2784906543
-104.9316330000 43.2784906543
08
4
-104.9261320000 43.2810875988
-104.9138720000 43.2636002715
-104.9231340000 43.2891413327
-104.9261320000 43.2810875988
08
2
-104.7722240000 43.4320448013
-104.7722240000 43.4320448013
08
2
-105.0639950000 43.2600426889
-105.0639950000 43.2600426889
08
2
-104.9031450000 43.2244006090
-104.9031450000 43.2244006090
08
2
-104.8987350000 43.3020087992
-104.8987350000 43.3020087992
08
2
-104.9012370000 43.2223856378
-104.9012370000 43.2223856378
08
2
-105.0635380000 43.2595426384
-105.0635380000 43.2595426384
08
40
-106.6521150000 44.2946213575
-106.6673200000 44.3336378203
-106.6557310000 44.3782164987
-106.6928630000 44.4436907663
-106.7053990000 44.5217031377
-106.6802060000 44.5624031946
-106.6868820000 44.6077057490
-106.6682430000 44.6258567875
-106.6697010000 44.7114438960
-106.6368480000 44.7491689365
-106.6367490000 44.7790469866
-106.6639710000 44.7996598856
-106.6550290000 44.8275536233
-106.6863480000 44.8756770885
-106.7409440000 44.8576250446
-106.7410740000 44.8810356209
-106.7693100000 44.8998651770
-106.8096690000 44.8941363720
-106.8250270000 44.9367316671
-106.8523710000 44.9279470388
-106.8730620000 44.9937122147
-106.8506010000 45.0147533249
-106.8577730000 45.0301598395
-107.3177950000 45.0304977321
-107.3141630000 44.5002768584
-107.3685840000 44.4986186666
-107.3713380000 44.4325758451
-107.4143450000 44.4222084468
-107.4288100000 44.4221387032
-107.4393840000 44.0035799239
-107.0399480000 44.0060238610
-107.0373610000 43.8310764969
-107.0317610000 43.6057222411
-106.6265720000 43.6133723175
-106.6265340000 43.7139430528
-106.6370320000 43.7142524434
-106.6323700000 44.1422652579
-106.6322560000 44.1584996870
-106.6507950000 44.1585705347
-106.6521150000 44.2946213575
08
63
-105.8549270000 44.3485387048
-105.8924330000 44.3341952106
-105.9048080000 44.2338848212
-105.9464870000 44.2148926967
-105.9386980000 44.1906467388
-105.9603200000 44.1670634820
-106.0194400000 44.1998594461
-106.1041640000 44.1708477179
-106.1374440000 44.1435271730
-106.1712490000 44.1615225713
-106.1898570000 44.1386685048
-106.2304610000 44.1346849631
-106.2659910000 44.1838890884
-106.2927860000 44.1781660285
-106.3061900000 44.1413706470
-106.3570630000 44.1800334298
-106.4434200000 44.1650270947
-106.4909130000 44.2495253682
-106.5355450000 44.1903724330
-106.6028140000 44.2045613287
-106.6290740000 44.2611938894
-106.6238100000 44.2767591320
-106.6521150000 44.2946213575
-106.6507950000 44.1585705347
-106.6322560000 44.1584996870
-106.6323700000 44.1422652579
-106.6370320000 43.7142524434
-106.6265340000 43.7139430528
-106.6265720000 43.6133723175
-106.4345090000 43.6135405300
-106.3952870000 43.6113224969
-106.3954930000 43.5992514167
-106.2478870000 43.5976243317
-106.1934890000 43.5279495462
-106.1255800000 43.5055806340
-106.0851360000 43.4602555760
-106.0586620000 43.3538832873
-106.0266650000 43.3074965169
-105.9246220000 43.3193996377
-105.8837130000 43.3688536860
-105.8875200000 43.4466417097
-105.8235090000 43.4324221878
-105.7995530000 43.4550774030
-105.7646030000 43.4441531954
-105.6903460000 43.5185078880
-105.6995540000 43.5691564454
-105.6757970000 43.6233613024
-105.6934740000 43.6352465209
-105.6898730000 43.7304427689
-105.6411970000 43.7561227596
-105.6507420000 43.7866637052
-105.6262280000 43.8775333750
-105.6670070000 43.9179327102
-105.6771770000 43.9572128803
-105.6601640000 44.0362957570
-105.6442640000 44.0381850638
-105.6533200000 44.0521556532
-105.6822360000 44.0688087149
-105.7032780000 44.1363468272
-105.7741780000 44.1897162024
-105.8172300000 44.2699935829
-105.8073430000 44.3331211858
-105.8549270000 44.3485387048
08
21
-109.0415120000 40.9870039674
-109.0434880000 40.4860147537
-108.9228520000 40.6629954863
-107.9719850000 40.6814146776
-107.9574050000 40.6948800091
-107.9739000000 40.7384453030
-107.9677050000 40.7541165787
-107.8756260000 40.7806845006
-107.8608470000 40.8532433777
-107.9216920000 40.9142703398
-107.9727630000 40.9261801860
-107.9902570000 40.9558214940
-108.0913930000 40.9349321751
-108.1133270000 40.9538748350
-108.1406100000 40.9250938418
-108.2101670000 40.9109623889
-108.2565000000 41.0040335707
-108.2991100000 41.0035114861
-108.8168870000 41.0051639193
-108.8213500000 40.9866897598
-109.0415120000 40.9870039674
08
6
-103.1630250000 42.4639040126
-102.0465700000 42.4760454215
-102.0498050000 43.1571986932
-102.8027800000 43.1491463995
-103.1543500000 43.1463846301
-103.1630250000 42.4639040126
08
22
-105.7968980000 41.4746394133
-105.0492170000 41.4656327054
-104.9403690000 41.4660160330
-104.9404070000 41.4765396961
-104.9415360000 41.7993804054
-104.9424290000 41.9660892082
-105.2199710000 41.9632325745
-105.2403640000 41.9631583109
-105.2399220000 42.0008932498
-105.2377930000 42.0263104926
-105.3291320000 42.0267025678
-105.9697490000 42.0220195573
-105.9223180000 41.9983570367
-105.9079130000 41.9674426511
-105.9156650000 41.9406988884
-105.8857270000 41.9276659053
-105.8782810000 41.9021339433
-105.9068530000 41.7823816222
-105.9381870000 41.7786515373
-106.0107500000 41.7061231882
-105.8585360000 41.5177594583
-105.7968980000 41.4746394133
08
22
-105.3989490000 43.1468607017
-105.3979490000 43.3819562995
-105.5449830000 43.4173578928
-105.5793150000 43.4801457746
-105.6024250000 43.4742998523
-105.6345520000 43.5081880767
-105.6903460000 43.5185078880
-105.7646030000 43.4441531954
-105.7995530000 43.4550774030
-105.8235090000 43.4324221878
-105.8875200000 43.4466417097
-105.8837130000 43.3688536860
-105.9246220000 43.3193996377
-105.9262920000 43.2856321077
-105.9036940000 43.2745258794
-105.8645630000 43.2778268151
-105.8480380000 43.2480136749
-105.7827840000 43.2281801001
-105.7762680000 43.1972944628
-105.8385930000 43.1549114935
-105.8296590000 43.1452716441
-105.3989490000 43.1468607017
08
43
-105.3304440000 42.5825227878
-105.3755490000 42.5823410213
-105.3978730000 42.5823655146
-105.3989490000 43.1468607017
-105.8296590000 43.1452716441
-105.8179090000 43.1104971207
-105.8609700000 43.0996692208
-105.8541180000 43.0670274380
-105.9064790000 43.0085193552
-105.9387820000 43.0073044564
-105.9443510000 42.9844899349
-105.9667890000 42.9808993459
-105.9518660000 42.9502213697
-106.0146260000 42.9138231697
-106.0243300000 42.8814024870
-106.1355290000 42.9052013559
-106.1529080000 42.8831240015
-106.1402740000 42.8525141333
-106.1522220000 42.8287873031
-106.1838610000 42.8132072317
-106.1845930000 42.7269604868
-106.1689150000 42.7103341886
-106.1844860000 42.6839614659
-106.1730880000 42.5933765856
-106.2098240000 42.5485877396
-106.1713260000 42.5366041402
-106.1910100000 42.4876772009
-106.1931530000 42.4395037805
-106.1693420000 42.4045863351
-106.1118700000 42.3987118844
-106.1127930000 42.3420401933
-106.0678250000 42.3291620214
-106.0308000000 42.3415503343
-105.9670180000 42.2948792361
-105.9751050000 42.2660201201
-105.9264910000 42.2534609482
-105.9418490000 42.2114785576
-105.9065860000 42.1674403865
-105.9441530000 42.1184122484
-105.9461060000 42.0654455615
-105.9697490000 42.0220195573
-105.3291320000 42.0267025678
-105.3304440000 42.5825227878
08
50
-106.4345090000 43.6135405300
-106.4326860000 43.5348672880
-106.3834840000 43.4066763616
-106.3628230000 43.3883854089
-106.3433610000 43.3973073266
-106.2898030000 43.3254031318
-106.2640840000 43.3219574748
-106.2343140000 43.2713991310
-106.1836620000 43.2579126230
-106.1764070000 43.2368575618
-106.1781080000 43.2018931434
-106.2115860000 43.1797533641
-106.1963730000 43.1344654999
-106.2115480000 43.1000646607
-106.2371830000 43.1240756517
-106.2557140000 43.1017125614
-106.2505800000 43.0150370878
-106.2231750000 42.9748294649
-106.2302250000 42.9533369797
-106.2011030000 42.9256005729
-106.2067340000 42.9053152040
-106.1355290000 42.9052013559
-106.0243300000 42.8814024870
-106.0146260000 42.9138231697
-105.9518660000 42.9502213697
-105.9667890000 42.9808993459
-105.9443510000 42.9844899349
-105.9387820000 43.0073044564
-105.9064790000 43.0085193552
-105.8541180000 43.0670274380
-105.8609700000 43.0996692208
-105.8179090000 43.1104971207
-105.8296590000 43.1452716441
-105.8385930000 43.1549114935
-105.7762680000 43.1972944628
-105.7827840000 43.2281801001
-105.8480380000 43.2480136749
-105.8645630000 43.2778268151
-105.9036940000 43.2745258794
-105.9262920000 43.2856321077
-105.9246220000 43.3193996377
-106.0266650000 43.3074965169
-106.0586620000 43.3538832873
-106.0851360000 43.4602555760
-106.1255800000 43.5055806340
-106.1934890000 43.5279495462
-106.2478870000 43.5976243317
-106.3954930000 43.5992514167
-106.3952870000 43.6113224969
-106.4345090000 43.6135405300
08
16
-105.0335460000 42.5826955308
-104.6629940000 42.5824106339
-104.6605220000 43.1464689478
-105.0487370000 43.1468607017
-105.0770950000 43.1109807825
-105.0896380000 43.0494935707
-105.1325450000 43.0193065099
-105.1237560000 42.9756347882
-105.1707460000 42.9376072903
-105.1668010000 42.8814865572
-105.2175290000 42.7511087839
-105.2535930000 42.7284479391
-105.2603300000 42.6865568353
-105.2829280000 42.6731510223
-105.3288880000 42.5825279443
-105.0335460000 42.5826955308
08
13
-103.5017620000 41.4746012042
-103.5046690000 41.7953441721
-104.0539250000 41.8029886257
-104.0582430000 41.3237691437
-103.9932480000 41.3235949399
-103.9301220000 41.2964498336
-103.9073640000 41.3099889740
-103.8342290000 41.2813163026
-103.6192470000 41.2830524786
-103.6171040000 41.3555267651
-103.5095370000 41.3585007439
-103.5081410000 41.4747655032
-103.5017620000 41.4746012042
08
14
-103.1543500000 43.1463846301
-103.7070690000 43.1471279256
-103.7143550000 43.1471720306
-103.7196660000 42.2442941134
-103.7505040000 42.2437945043
-104.0553970000 42.2468756846
-104.0539250000 41.8029886257
-103.5046690000 41.7953441721
-103.5046770000 41.8041441042
-103.1982960000 41.8062799881
-103.1728360000 41.8065381892
-103.1729350000 41.9180824289
-103.1630250000 42.4639040126
-103.1543500000 43.1463846301
08
38
-107.6350400000 41.5215847726
-107.6411440000 41.5601462072
-108.1320340000 41.5518794116
-108.1046450000 41.5266794910
-108.0961230000 41.4991002588
-108.0866850000 41.4883855028
-108.0866010000 41.4621051472
-108.0421830000 41.4621497184
-107.9841160000 41.4482572795
-107.9376530000 41.4091939008
-107.9496080000 41.3313708552
-107.9657900000 41.3311902788
-107.9515300000 41.2964307658
-107.9515760000 41.2851610991
-107.9100570000 41.2848992666
-107.8914720000 41.2849475658
-107.8882060000 41.1958351670
-107.9000850000 41.1712942127
-107.8900220000 41.1529228897
-107.8429030000 41.1450070633
-107.8493650000 41.1306100321
-107.7959060000 41.1232861037
-107.7340160000 41.0503295122
-107.7382810000 41.0177532786
-107.7010880000 41.0007895971
-107.6509400000 41.0230080075
-107.6384280000 41.0369244570
-107.6416930000 41.0931463107
-107.5688780000 41.0932959834
-107.5852810000 41.0970848111
-107.5911180000 41.1271154871
-107.5742720000 41.1455388254
-107.5485920000 41.1362251804
-107.5110020000 41.2145388374
-107.5595470000 41.2484113571
-107.5686190000 41.3247533383
-107.5802840000 41.4304904755
-107.6350400000 41.5215847726
08
25
-109.0507660000 42.8885513198
-107.4309460000 42.8879058709
-107.1134490000 42.8877622948
-107.1135940000 43.5814372331
-107.1136700000 43.6059751904
-107.0317610000 43.6057222411
-107.0373610000 43.8310764969
-107.3083040000 43.8300804456
-107.3169940000 43.8300699884
-107.3187940000 43.6118245160
-107.3187480000 43.6005734451
-107.4208300000 43.6038264483
-107.4316640000 43.6041654454
-107.4317630000 43.4999557454
-107.4317700000 43.4877460447
-107.9313350000 43.4833345021
-107.9385680000 43.3228308993
-108.5431980000 43.3126817635
-108.5547260000 43.3124738281
-108.5546260000 43.2635846848
-108.8883440000 43.2561930213
-108.8957210000 43.2588737441
-108.8957060000 43.2693973937
-109.0511630000 43.2693779092
-109.0507660000 42.8885513198
08
20
-106.6938480000 40.9288365914
-106.6971590000 40.9805958635
-106.7785340000 41.0043567071
-106.8528980000 41.0411407437
-106.8978350000 41.0969452801
-106.9463200000 41.0793330674
-106.9682920000 41.1056790577
-107.0006030000 41.0819114009
-107.0111850000 41.0703975951
-107.0681230000 41.0884533071
-107.1381910000 41.0534344760
-107.1451420000 40.7267854815
-107.1256030000 40.7264102383
-107.1286770000 40.4082400003
-107.1256030000 40.3698983887
-106.7107700000 40.3746172318
-106.7107770000 40.3846775008
-106.7116240000 40.7126068789
-106.6956410000 40.7126068789
-106.6938480000 40.9288365914
08
15
-104.9424290000 41.9660892082
-104.9389800000 42.1486206651
-105.0531850000 42.1573904017
-105.0721820000 42.1577137497
-105.0662840000 42.2469797196
-105.0337370000 42.2470670577
-105.0335460000 42.5826955308
-105.3288880000 42.5825279443
-105.3304440000 42.5825227878
-105.3291320000 42.0267025678
-105.2377930000 42.0263104926
-105.2399220000 42.0008932498
-105.2403640000 41.9631583109
-105.2199710000 41.9632325745
-104.9424290000 41.9660892082
08
12
-105.3979490000 43.3819562995
-105.3978500000 43.5978590056
-105.3986510000 43.6266738235
-105.4422530000 43.6307181351
-105.6757970000 43.6233613024
-105.6995540000 43.5691564454
-105.6903460000 43.5185078880
-105.6345520000 43.5081880767
-105.6024250000 43.4742998523
-105.5793150000 43.4801457746
-105.5449830000 43.4173578928
-105.3979490000 43.3819562995
08
28
-107.0011220000 41.3245066529
-107.5686190000 41.3247533383
-107.5595470000 41.2484113571
-107.5110020000 41.2145388374
-107.5485920000 41.1362251804
-107.5742720000 41.1455388254
-107.5911180000 41.1271154871
-107.5852810000 41.0970848111
-107.5688780000 41.0932959834
-107.5342710000 41.0678246525
-107.5202940000 41.0127928631
-107.5355380000 40.9780013273
-107.5186460000 40.9577643939
-107.5168610000 40.9192546415
-107.4860530000 40.9127347169
-107.4593350000 40.8770971260
-107.4665600000 40.8421233242
-107.4820630000 40.8439386238
-107.4821780000 40.6813187021
-107.4821320000 40.4078987647
-107.1286770000 40.4082400003
-107.1256030000 40.7264102383
-107.1451420000 40.7267854815
-107.1381910000 41.0534344760
-107.0681230000 41.0884533071
-107.0111850000 41.0703975951
-107.0006030000 41.0819114009
-107.0011220000 41.3245066529
08
5
-102.0512920000 44.6954650324
-102.0514600000 45.0295980131
-102.6534650000 45.0297199185
-102.6511840000 44.6949911499
-102.0512920000 44.6954650324
08
8
-104.6629940000 42.5824106339
-104.0515670000 42.5764705445
-104.0553970000 42.2468756846
-103.7505040000 42.2437945043
-103.7196660000 42.2442941134
-103.7143550000 43.1471720306
-104.6605220000 43.1464689478
-104.6629940000 42.5824106339
08
30
-106.1910100000 42.4876772009
-106.1713260000 42.5366041402
-106.2098240000 42.5485877396
-106.1730880000 42.5933765856
-106.1844860000 42.6839614659
-106.1689150000 42.7103341886
-106.1845930000 42.7269604868
-106.1838610000 42.8132072317
-106.1522220000 42.8287873031
-106.1402740000 42.8525141333
-106.1529080000 42.8831240015
-106.1355290000 42.9052013559
-106.2067340000 42.9053152040
-106.2836070000 42.8665620900
-106.3107830000 42.8825717164
-106.3574370000 42.8734989447
-106.3995740000 42.9068495802
-106.4264910000 42.8823350238
-106.4324570000 42.8234824876
-106.4851230000 42.8185864088
-106.5028530000 42.7991727306
-106.4812240000 42.7495964208
-106.4975970000 42.7266067040
-106.4940110000 42.6703753841
-106.5211560000 42.6181689543
-106.5614010000 42.6155806997
-106.5606690000 42.5673291348
-106.5861050000 42.5321216495
-106.5779650000 42.4900403093
-106.1910100000 42.4876772009
08
18
-105.0530400000 43.5998133415
-105.0527340000 43.7116128675
-105.0551380000 44.0542903519
-105.6533200000 44.0521556532
-105.6442640000 44.0381850638
-105.6601640000 44.0362957570
-105.6771770000 43.9572128803
-105.6670070000 43.9179327102
-105.6262280000 43.8775333750
-105.6507420000 43.7866637052
-105.6411970000 43.7561227596
-105.6898730000 43.7304427689
-105.6934740000 43.6352465209
-105.6757970000 43.6233613024
-105.4422530000 43.6307181351
-105.3986510000 43.6266738235
-105.3978500000 43.5978590056
-105.0530400000 43.5998133415
08
14
-103.1543500000 43.1463846301
-102.8027800000 43.1491463995
-102.8035890000 43.7114888537
-102.7999730000 43.7144756752
-102.7936170000 44.1507723834
-102.7937010000 44.1713332246
-102.7802730000 44.1712387474
-102.7799300000 44.2859308909
-103.4653780000 44.2829431657
-103.4777150000 43.7131858991
-103.7057040000 43.7132864174
-103.7065580000 43.3726431681
-103.7070690000 43.1471279256
-103.1543500000 43.1463846301
08
9
-104.1503370000 43.7125984567
-103.7057040000 43.7132864174
-103.4777150000 43.7131858991
-103.4653780000 44.2829431657
-103.4668350000 44.3782809465
-103.4673770000 44.3971477514
-103.5818480000 44.3973635006
-104.1478270000 44.3909714966
-104.1503370000 43.7125984567
08
17
-107.5006100000 41.9900174890
-107.5010220000 42.6963052990
-107.5430070000 42.6667959556
-107.5428470000 42.6502348737
-107.6196210000 42.6144690754
-107.6886670000 42.5281018975
-107.7666400000 42.4719096928
-107.8587110000 42.5186806565
-107.9086610000 42.4933217190
-107.9838260000 42.4904871819
-108.0947950000 42.3893529150
-108.0876080000 42.3678714454
-108.1409230000 42.3180106368
-108.1417010000 42.2951246825
-108.3788300000 42.1960180479
-108.3787000000 41.9894206468
-107.5006100000 41.9900174890
08
11
-106.7107770000 40.3846775008
-106.6783750000 40.3838806461
-106.0393750000 40.3803320178
-106.0387500000 40.8188918646
-106.5864030000 40.8197215055
-106.5871350000 40.9278033952
-106.6044460000 40.9281022106
-106.6938480000 40.9288365914
-106.6956410000 40.7126068789
-106.7116240000 40.7126068789
-106.7107770000 40.3846775008
08
55
-106.1910100000 42.4876772009
-106.5779650000 42.4900403093
-106.5949630000 42.4739337557
-106.5992130000 42.4129149126
-106.5545350000 42.4138966876
-106.5296170000 42.3907718144
-106.5270840000 42.3600716622
-106.4653240000 42.3007765564
-106.4218290000 42.3229826361
-106.4032060000 42.3008755123
-106.3829960000 42.3176674400
-106.3755800000 42.2981099283
-106.3278810000 42.3011158342
-106.3208620000 42.2808462006
-106.3492580000 42.2293673843
-106.3835910000 42.1903379979
-106.4160770000 42.1895742667
-106.4167560000 42.0735484062
-106.4247060000 42.0465481193
-106.4501340000 42.0336922939
-106.4301610000 41.9706810076
-106.3831630000 41.9520578579
-106.3859250000 41.9364349972
-106.3652500000 41.9225835178
-106.3473820000 41.8671831358
-106.3454280000 41.7834870036
-106.3117520000 41.7679336557
-106.2729640000 41.7074817476
-106.2455370000 41.6968053389
-106.2469410000 41.6757395939
-106.0765380000 41.6768692248
-106.0585780000 41.7192895443
-106.0107500000 41.7061231882
-105.9381870000 41.7786515373
-105.9068530000 41.7823816222
-105.8782810000 41.9021339433
-105.8857270000 41.9276659053
-105.9156650000 41.9406988884
-105.9079130000 41.9674426511
-105.9223180000 41.9983570367
-105.9697490000 42.0220195573
-105.9461060000 42.0654455615
-105.9441530000 42.1184122484
-105.9065860000 42.1674403865
-105.9418490000 42.2114785576
-105.9264910000 42.2534609482
-105.9751050000 42.2660201201
-105.9670180000 42.2948792361
-106.0308000000 42.3415503343
-106.0678250000 42.3291620214
-106.1127930000 42.3420401933
-106.1118700000 42.3987118844
-106.1693420000 42.4045863351
-106.1931530000 42.4395037805
-106.1910100000 42.4876772009
08
32
-107.0317610000 43.6057222411
-107.1136700000 43.6059751904
-107.1135940000 43.5814372331
-107.1134490000 42.8877622948
-106.4264910000 42.8823350238
-106.3995740000 42.9068495802
-106.3574370000 42.8734989447
-106.3107830000 42.8825717164
-106.2836070000 42.8665620900
-106.2067340000 42.9053152040
-106.2011030000 42.9256005729
-106.2302250000 42.9533369797
-106.2231750000 42.9748294649
-106.2505800000 43.0150370878
-106.2557140000 43.1017125614
-106.2371830000 43.1240756517
-106.2115480000 43.1000646607
-106.1963730000 43.1344654999
-106.2115860000 43.1797533641
-106.1781080000 43.2018931434
-106.1764070000 43.2368575618
-106.1836620000 43.2579126230
-106.2343140000 43.2713991310
-106.2640840000 43.3219574748
-106.2898030000 43.3254031318
-106.3433610000 43.3973073266
-106.3628230000 43.3883854089
-106.3834840000 43.4066763616
-106.4326860000 43.5348672880
-106.4345090000 43.6135405300
-106.6265720000 43.6133723175
-107.0317610000 43.6057222411
08
19
-105.0492170000 41.4656327054
-105.7968980000 41.4746394133
-105.7881550000 41.4458189960
-105.6733860000 41.3398647055
-105.6614460000 41.2658027362
-105.6035230000 41.1773612401
-105.5844650000 41.0968970785
-105.5351030000 41.0807509518
-105.4732060000 41.0057582448
-105.4154890000 40.9992284750
-105.3187710000 41.0601100548
-105.2844620000 41.0102493900
-105.2499310000 41.0753040094
-105.1693730000 41.1611973425
-105.1495210000 41.1469475652
-105.1262050000 41.0761980724
-105.0818250000 41.0796425144
-105.0499190000 41.0304837689
-105.0492170000 41.4656327054
