20
San Mateo County
-122.3319320000 40.5444475868
San Diego County
-117.0629930000 34.8784398677
San Joaquin County
-121.2813070000 41.0691282341
Riverside County
-116.8036050000 35.9302975830
Fresno County
-119.9034700000 39.4254403417
Los Angeles County
-118.2342160000 36.2981624213
Kern County
-118.6833440000 37.7668149546
San Bernardino County
-116.9824330000 36.6656967753
Contra Costa County
-122.0608860000 41.0646443958
Solano County
-122.0518260000 41.4375700523
Sonoma County
-122.7686240000 41.6978509646
Santa Clara County
-121.9128180000 40.2617430918
Orange County
-117.8616630000 35.8680060931
Sacramento County
-121.3892660000 41.8524852522
Stanislaus County
-120.9588000000 40.6488757546
Ventura County
-119.0453260000 36.5260721009
Tulare County
-119.1660930000 38.9236119115
Santa Barbara County
-120.0714250000 36.9776693662
Monterey County
-121.5289530000 39.1918785326
Alameda County
-122.0961510000 40.7788122764
64
06
27
-120.0723950000 42.0338281216
-120.0724870000 41.7871393292
-120.0725940000 41.7091723137
-120.0542070000 41.7172093111
-120.0200040000 41.6892858652
-119.8879010000 41.5930843365
-119.8017650000 41.6484080219
-119.7086560000 41.6687527836
-119.6955110000 41.6146758773
-119.7000270000 41.6023075371
-119.6392060000 41.5534294591
-119.6330340000 41.5887255726
-119.6065670000 41.6056402061
-119.6208500000 41.6405518214
-119.5619960000 41.6603779880
-119.5697100000 41.6912735510
-119.5423660000 41.7509342917
-119.6210710000 41.9206944926
-119.6143190000 41.9873932052
-119.5913240000 42.0078323288
-119.5854340000 42.0472132574
-119.9043120000 42.3297405166
-119.8800890000 42.2857570678
-119.8780900000 42.2456850703
-119.9067760000 42.2286765219
-119.9480590000 42.1348884465
-120.0723950000 42.0338281216
06
67
-123.5179060000 46.3630163342
-123.5407180000 46.3427128709
-123.5333400000 46.3011831290
-123.5600890000 46.2351256396
-123.5936280000 46.2353244992
-123.6071780000 46.2014820095
-123.6428150000 46.2131088225
-123.6717380000 46.1400053599
-123.7030790000 46.1312871553
-123.6726610000 46.0872560240
-123.6879650000 46.0663203705
-123.6604230000 45.9841947985
-123.6653210000 45.9482386802
-123.6897130000 45.9153817743
-123.6860730000 45.8717111217
-123.7185750000 45.8183810469
-123.6822050000 45.8180240280
-123.6930390000 45.7612500677
-123.6482620000 45.7375091878
-123.6355290000 45.6666927216
-123.6120150000 45.6386609808
-123.6261750000 45.5998767383
-123.6476290000 45.5840902627
-123.6391980000 45.5672493711
-123.6613620000 45.5343850600
-123.4998860000 45.5346036343
-123.4747620000 45.5139081547
-123.4782260000 45.4631192273
-123.4597090000 45.4370982268
-123.4617460000 45.4013635217
-123.4445570000 45.3886892740
-123.4549100000 45.3394455850
-123.4082950000 45.2653845207
-123.3804090000 45.2273244540
-123.3514860000 45.2423262522
-123.2947540000 45.2114023981
-123.2427670000 45.1299718701
-123.1095810000 45.1236058306
-123.0550990000 45.0882926326
-123.0368040000 45.0320096520
-122.9788890000 45.0443895633
-122.9164960000 45.0209405132
-122.8981550000 45.0671781191
-122.9259570000 45.1219464122
-122.9710080000 45.1470214555
-122.9516450000 45.2264731678
-122.9613490000 45.2674877941
-122.9288100000 45.2641382589
-122.8858030000 45.2985937426
-122.7986980000 45.2992423722
-122.7765810000 45.3332610040
-122.7246320000 45.3561359108
-122.7075500000 45.3914914208
-122.6535190000 45.4131372596
-122.6397480000 45.4621031660
-122.5878680000 45.4625559310
-122.5842510000 45.5042404080
-122.5696410000 45.5155044492
-122.4800340000 45.4503600664
-122.5134510000 45.4008165947
-122.5193250000 45.3053474369
-122.4983750000 45.2690131309
-121.4464950000 45.2700880577
-121.4525450000 46.2943927649
-121.4476010000 46.3580685192
-122.3778380000 46.3746596965
-123.5179060000 46.3630163342
06
31
-116.0851670000 35.5012135071
-116.0810930000 35.0975292762
-116.0913470000 35.0812945330
-116.1032490000 35.0811811624
-116.1061780000 34.5383096141
-114.7202910000 34.6572312991
-114.7019200000 34.6891473155
-114.6155930000 34.6688170996
-114.5275270000 34.7028686418
-114.5307540000 34.7461559790
-114.4690250000 34.8075802739
-114.4628910000 34.8798453482
-114.4809190000 34.9149372175
-114.4683760000 34.9572340584
-114.4921880000 34.9575618502
-114.5178910000 35.0262299136
-114.6115880000 35.0233816646
-114.6448210000 35.0501293814
-114.6623150000 35.0310761694
-114.6885990000 35.0909684811
-114.7064900000 35.0972834031
-114.6758350000 35.2087707748
-114.6737140000 35.2538577431
-114.6894230000 35.2849472454
-114.6729200000 35.2990466714
-114.7304150000 35.3512841056
-114.6991270000 35.4093823221
-114.7255330000 35.4750042084
-114.6528240000 35.4856239473
-114.6271290000 35.5103464419
-116.0851670000 35.5012135071
06
25
-116.1061780000 34.5383096141
-116.1032490000 35.0811811624
-116.0913470000 35.0812945330
-116.0810930000 35.0975292762
-116.0851670000 35.5012135071
-117.2391660000 35.5083944523
-117.2415080000 35.5244164695
-117.3636090000 35.5756735529
-117.3653720000 35.5931438295
-117.5097200000 35.5960160522
-117.5085750000 35.5542836915
-117.5736770000 35.5340907931
-117.6110840000 35.3911086223
-117.5495990000 35.3437526760
-117.4374240000 35.2063954847
-117.3922350000 35.1154927004
-117.3344350000 34.9200869616
-117.3232800000 34.8765925230
-117.3396610000 34.8243180982
-117.3209380000 34.6229413258
-117.2788160000 34.5459819465
-117.2265550000 34.5393829000
-117.2100220000 34.4624033049
-117.2049180000 34.4317947587
-116.1061780000 34.5383096141
06
56
-114.6271290000 35.5103464419
-114.5915530000 35.5893279138
-114.5243380000 35.6541647769
-114.5389180000 35.7020285147
-114.5223690000 35.7270043580
-114.5321660000 35.7738698398
-114.5153350000 35.7844889875
-114.5310360000 35.8022504754
-114.4942020000 35.8397961158
-114.5119710000 35.8722170912
-114.5050740000 35.9037076274
-114.5300140000 36.0193287939
-114.5030670000 36.0331888467
-114.5256880000 36.0725139272
-114.5085600000 36.0781393934
-114.5354770000 36.1125483137
-114.4581910000 36.1870467033
-114.4645230000 36.2057982907
-114.4382630000 36.2186205865
-114.4354320000 36.2875576960
-115.2635120000 36.2853567165
-115.3160630000 36.2852830696
-115.3161320000 36.2618105272
-115.3162160000 36.2324979341
-116.9265590000 36.2325027609
-116.9294590000 36.2007689820
-117.0683750000 36.1961753845
-117.2253040000 36.1965481241
-117.2253720000 36.1983105131
-117.2253720000 36.2139212242
-117.3738780000 36.2146439105
-117.3752750000 36.2281394166
-117.5512700000 36.2321250636
-117.5580830000 36.1791791756
-117.6083070000 36.1579351642
-117.6105800000 36.1086504751
-117.6496890000 36.1009347821
-117.6551210000 36.0777441911
-117.6635740000 36.0573210452
-117.6762850000 36.0573210452
-117.6737520000 36.0356566113
-117.6635890000 36.0196370691
-117.5793460000 35.9116046202
-117.5364300000 35.8975865210
-117.5339970000 35.8425609876
-117.5207980000 35.8404284234
-117.4597400000 35.8200787162
-117.4139020000 35.7792279339
-117.5100100000 35.6180142770
-117.5097200000 35.5960160522
-117.3653720000 35.5931438295
-117.3636090000 35.5756735529
-117.2415080000 35.5244164695
-117.2391660000 35.5083944523
-116.0851670000 35.5012135071
-114.6271290000 35.5103464419
06
59
-121.4381790000 38.3821125937
-121.3997500000 38.3435120389
-121.3396450000 38.1921531805
-121.3235020000 38.1706707774
-121.2023010000 38.1200568032
-121.1595840000 38.0532144543
-121.0479050000 37.9250354967
-120.9310150000 37.8817156105
-120.9257430000 37.8382172811
-120.9571080000 37.7369828018
-120.9567180000 37.6925023642
-120.8569260000 37.5792732640
-120.8004070000 37.5471965397
-120.6901780000 37.5256996435
-120.7027970000 37.4047477688
-120.6351010000 37.3566034894
-120.5009310000 37.3951651510
-120.4387050000 37.3899262281
-120.3036650000 37.2894730685
-120.2944720000 37.3384146070
-120.3334200000 37.3983779722
-120.3303220000 37.4217240765
-120.2798610000 37.4177791625
-120.2519990000 37.4404862231
-120.1889270000 37.4420615979
-120.1741710000 37.4907138447
-120.1415710000 37.5072013080
-120.1433180000 37.5209916283
-120.0814670000 37.5448322164
-120.0852970000 37.5387798533
-119.9951930000 37.4851864564
-119.8801190000 37.4530606054
-119.8003690000 37.3990481367
-119.7499690000 37.3752142820
-119.6735610000 37.3725281881
-119.5360570000 37.2800685255
-119.4727550000 37.2842079763
-119.4801480000 37.4988478731
-119.4972760000 37.5164170487
-119.5607990000 37.5146645137
-119.5543590000 37.6248371927
-119.6670530000 37.6190650151
-119.6666640000 37.7257833602
-119.6746600000 37.7258494949
-119.8094480000 37.7273350884
-119.8093490000 37.8340302157
-119.8190230000 37.8341099093
-119.8801730000 37.8344568836
-119.8798980000 37.8495030091
-119.8800430000 37.9423120616
-119.8893430000 37.9422973328
-119.9973910000 37.9444379370
-120.0009770000 37.9790217500
-120.0866320000 38.0530743738
-120.0877990000 38.1578081889
-120.1939540000 38.1619376642
-120.1941450000 38.3729279441
-120.2139820000 38.3730167044
-121.4381790000 38.3821125937
06
7
-121.4476010000 46.3580685192
-121.4525450000 46.2943927649
-121.4464950000 45.2700880577
-121.3317950000 45.2706248617
-119.9998630000 45.2707417897
-120.0010600000 46.3553276308
-121.4476010000 46.3580685192
06
44
-121.3278270000 44.2947974356
-121.0683900000 44.2963558741
-121.0614850000 44.0493815390
-121.0414890000 44.0383056034
-121.0415190000 44.0185301192
-120.9645540000 44.0002834658
-120.9461900000 44.0002127445
-120.9285280000 43.9645397548
-120.8718340000 43.9721801416
-120.8717800000 44.0265851982
-120.8146440000 44.0749336662
-120.7960050000 44.0747934154
-120.7965930000 44.1054992144
-120.7299500000 44.1248141071
-120.5851750000 44.0849497191
-120.5768280000 44.0848894176
-120.5767290000 44.0565351826
-120.5149310000 44.0371604833
-120.4825520000 43.9925398250
-120.4612050000 43.9805112167
-120.4449310000 43.9615576164
-120.4458920000 43.9426682665
-120.3792880000 43.8860295375
-120.3414230000 43.8672163900
-120.2751540000 43.8614993420
-120.2510450000 43.8523269416
-120.2468640000 43.8305588625
-120.2205050000 43.8234077121
-120.2096410000 43.8238468815
-120.2013020000 43.7421881772
-120.1635820000 43.6760149478
-120.1108630000 43.6326144991
-120.1008610000 43.5945410349
-120.1107560000 43.4120911272
-120.1277690000 43.3677470418
-120.1465990000 43.3680643391
-120.1471480000 43.3306895027
-120.0234530000 43.3320634643
-120.0013200000 43.3498813754
-119.9998630000 45.2707417897
-121.3317950000 45.2706248617
-121.3319020000 44.9123123977
-121.3233800000 44.9018630701
-121.3278270000 44.2947974356
06
47
-121.0262370000 41.5165145450
-121.0273590000 41.7846818528
-121.1114270000 42.0333988557
-121.1187590000 42.0525858025
-121.1409000000 42.0456394894
-121.4844670000 42.0746290960
-121.6028980000 42.0762187460
-121.6319200000 42.0054765442
-121.5897670000 41.9565119614
-121.5651020000 41.9563839301
-121.5454250000 41.8996541981
-121.5079650000 41.8944377391
-121.5184630000 41.8527410254
-121.5135500000 41.8257468100
-121.5565720000 41.7670609980
-121.5041350000 41.7316582604
-121.5010150000 41.7094302426
-121.5327000000 41.6859795336
-121.5131610000 41.6441589299
-121.5217590000 41.5956910216
-121.5844880000 41.5589249440
-121.5928880000 41.5358195946
-121.6120070000 41.3921739091
-121.6854480000 41.3407575015
-121.7100220000 41.2490313781
-121.7987590000 41.2138758646
-121.8417430000 41.2347249404
-121.8624650000 41.2215117689
-121.8283690000 41.1735018590
-121.7831420000 41.1612074972
-121.7006680000 41.1944498126
-121.6814730000 41.2154355093
-121.6792680000 41.2510960268
-121.5812910000 41.2570043523
-121.5643230000 41.2683138086
-121.5829240000 41.2928321030
-121.5360260000 41.3307884338
-121.5283970000 41.3867468513
-121.4760890000 41.4655346451
-121.4291610000 41.4606292161
-121.3980870000 41.4271984848
-121.3441620000 41.4278489810
-121.2680360000 41.4583841648
-121.1708450000 41.4549447451
-121.0633390000 41.5158302959
-121.0408170000 41.5021960621
-121.0262370000 41.5165145450
06
54
-121.6238560000 42.7968700397
-121.6312790000 42.8087407675
-121.9083020000 42.8073993204
-121.9482960000 42.7259365863
-121.9290240000 42.6709908948
-121.9448010000 42.6461840878
-121.9173510000 42.6046842739
-121.9390490000 42.5893438080
-121.9107280000 42.5731603508
-121.8866810000 42.5075060351
-121.8387070000 42.4976065325
-121.8259580000 42.4291934147
-121.7953190000 42.4104225641
-121.8345640000 42.3745246158
-121.8358150000 42.3183641180
-121.8043900000 42.3047284498
-121.8151250000 42.3008022592
-121.7910770000 42.2911834851
-121.8144230000 42.2562791290
-121.7834470000 42.2311253830
-121.7486720000 42.2499479778
-121.7291560000 42.2327472920
-121.7231220000 42.1628977387
-121.6905440000 42.1518744151
-121.6922380000 42.1166948925
-121.6701200000 42.1057463844
-121.6727830000 42.0851392457
-121.6627500000 42.1181480377
-121.6387630000 42.1165102049
-121.6484450000 42.1244700649
-121.6340030000 42.1164653156
-121.6222230000 42.1387151459
-121.5925450000 42.1102720877
-121.6028980000 42.0762187460
-121.4844670000 42.0746290960
-121.4694210000 42.1093666727
-121.4634320000 42.3203590629
-121.4143980000 42.3207806805
-121.4148940000 42.4112370412
-121.4911120000 42.4033589218
-121.5449520000 42.3766339768
-121.5789490000 42.3147998050
-121.5798260000 42.4255758612
-121.6001820000 42.4316875641
-121.6102520000 42.4887537920
-121.5875780000 42.5459782728
-121.6022030000 42.5450839840
-121.6131210000 42.6611019361
-121.6285710000 42.6795258922
-121.6135560000 42.6916871353
-121.6359180000 42.7531972039
-121.6215440000 42.7550596451
-121.6324690000 42.7658217407
-121.6238560000 42.7968700397
06
68
-122.8215940000 42.2228673207
-122.9061580000 42.2808410611
-122.9488910000 42.2884528891
-122.9583970000 42.3196726529
-122.9914020000 42.4119974837
-123.0281070000 42.4153648663
-123.0562440000 42.4452727409
-123.0665130000 42.4984024714
-123.0942150000 42.5194909504
-123.0778120000 42.6393987817
-123.0553820000 42.6391278960
-122.9945070000 42.7288959872
-123.0045090000 42.7741641492
-123.0159070000 42.7739664958
-123.0196150000 42.7763809978
-123.0227430000 42.8305039377
-123.0569690000 42.9110207312
-123.0587770000 42.9415015989
-123.0749280000 42.9459409791
-123.0631870000 43.0657573167
-123.0499730000 43.0657974937
-123.0171510000 43.0859115890
-122.9366680000 43.0886313160
-122.9216160000 43.0998131348
-122.8901140000 43.1023400941
-122.8853530000 43.1650480059
-122.8936540000 43.3323403389
-122.9128270000 43.3385786943
-122.9133830000 43.3833544582
-122.9379580000 43.3855876556
-122.9376530000 43.4484040154
-122.9599610000 43.5094696848
-122.9514850000 43.5887827905
-122.9101100000 43.6273859012
-122.9340130000 43.6829585261
-123.5445630000 43.6815008648
-123.5445710000 43.7113335104
-123.5444560000 43.7140135468
-124.1348880000 43.7147250166
-124.0742800000 43.6698821859
-123.9491880000 43.4802408228
-123.9085460000 43.4437861715
-123.8903660000 43.3207474320
-123.8573230000 43.2847603444
-123.8370060000 43.1172491720
-123.8732830000 43.0610217365
-123.8879390000 42.9939299944
-123.8930820000 42.8508125960
-123.8388820000 42.6517159068
-123.7620700000 42.4648863378
-123.7691800000 42.4256389194
-123.8098600000 42.3656105327
-123.7984540000 42.3222126526
-123.7671280000 42.2585129266
-123.6325000000 42.1047833067
-123.5330580000 42.1180261932
-123.5194320000 42.1057322780
-123.4973910000 42.1309977695
-123.3682630000 42.1357055995
-123.3683930000 42.1670297424
-123.3504560000 42.1674352535
-123.1362530000 42.1702302488
-123.1363750000 42.1825046007
-123.1280360000 42.2090006946
-123.0812300000 42.2078015871
-123.0810780000 42.2193593789
-123.0776440000 42.2257770114
-122.8215940000 42.2228673207
06
57
-122.3401720000 42.3180749060
-122.4087220000 42.3671795333
-122.4108050000 42.4391498290
-122.4907460000 42.4839298362
-122.4962080000 42.5948180119
-122.4767150000 42.5977989231
-122.4753880000 42.6346996743
-122.5151670000 42.6841485985
-122.6645430000 42.6955076228
-122.7738650000 42.8171168613
-122.7419430000 42.8847627689
-122.7846980000 42.9083154125
-122.7390590000 42.9100128579
-122.7356410000 43.1657706960
-122.7511060000 43.1662001610
-122.8853530000 43.1650480059
-122.8901140000 43.1023400941
-122.9216160000 43.0998131348
-122.9366680000 43.0886313160
-123.0171510000 43.0859115890
-123.0499730000 43.0657974937
-123.0631870000 43.0657573167
-123.0749280000 42.9459409791
-123.0587770000 42.9415015989
-123.0569690000 42.9110207312
-123.0227430000 42.8305039377
-123.0196150000 42.7763809978
-123.0159070000 42.7739664958
-123.0045090000 42.7741641492
-122.9945070000 42.7288959872
-123.0553820000 42.6391278960
-123.0778120000 42.6393987817
-123.0942150000 42.5194909504
-123.0665130000 42.4984024714
-123.0562440000 42.4452727409
-123.0281070000 42.4153648663
-122.9914020000 42.4119974837
-122.9583970000 42.3196726529
-122.9488910000 42.2884528891
-122.9061580000 42.2808410611
-122.8215940000 42.2228673207
-122.7477570000 42.1628002154
-122.6945880000 42.0470761283
-122.6465680000 42.0381990601
-122.6273960000 41.9886585899
-122.4638900000 42.0369522129
-122.4363560000 42.0830263497
-122.4089890000 42.1281052039
-122.3979870000 42.1636419989
-122.3793870000 42.1612039278
-122.3734890000 42.1803252824
-122.3819890000 42.2018897294
-122.4032900000 42.2305179771
-122.3950580000 42.2409818461
-122.4216610000 42.2919185113
-122.4039380000 42.3194130011
-122.3401720000 42.3180749060
06
59
-115.6486360000 38.3979911241
-116.8737340000 39.5667525799
-117.8327260000 40.4611212573
-118.7750170000 40.4587564905
-118.7589190000 40.4354118566
-118.7882610000 40.3743680046
-118.7679670000 40.3392511619
-118.7866060000 40.3092943782
-118.7423710000 40.2743689557
-118.7226560000 40.2853918765
-118.6673430000 40.2082383014
-118.6861420000 40.1637820847
-118.6674500000 40.0720074282
-118.6435240000 40.0501554872
-118.5931700000 40.0502997452
-118.5684970000 40.0222814301
-118.4412840000 39.9571622269
-118.4197310000 39.8668251574
-118.3615340000 39.7374537512
-118.3615190000 39.6836259311
-118.3930210000 39.6668203260
-118.3605880000 39.5581312912
-118.3347240000 39.5091763866
-118.3663250000 39.4918389376
-118.3301240000 39.4619108094
-118.3379290000 39.4474500985
-118.3210300000 39.4125539078
-118.2753220000 39.3749338186
-118.2919240000 39.3319697276
-118.2388230000 39.2825563024
-118.2353210000 39.2459784043
-118.2500230000 39.2326694868
-118.2159190000 39.1993455529
-118.2118230000 39.1688868242
-118.1570210000 39.1693839917
-118.1388170000 39.1523599468
-118.1610180000 39.1185606196
-118.1234210000 39.0702509674
-118.1008150000 39.0626772185
-118.1276090000 38.9806728795
-118.1063160000 38.8988085821
-118.0598140000 38.8445395674
-118.0729140000 38.8080043467
-118.0674130000 38.7501945868
-118.0528110000 38.7390584679
-118.0341110000 38.6457997276
-118.0043790000 38.6146949996
-118.0171050000 38.5782743527
-117.9861370000 38.5482976934
-117.9815060000 38.4703784577
-118.0022510000 38.4650489178
-118.0080410000 38.3728761673
-117.9231190000 38.3699841071
-117.9244610000 38.3839557916
-117.6329960000 38.3828511016
-115.7508390000 38.3784435620
-115.7358930000 38.3783732895
-115.7357480000 38.3971402912
-115.6486360000 38.3979911241
06
52
-122.6273960000 41.9886585899
-122.6465680000 42.0381990601
-122.6945880000 42.0470761283
-122.7477570000 42.1628002154
-122.8215940000 42.2228673207
-123.0776440000 42.2257770114
-123.0810780000 42.2193593789
-123.0812300000 42.2078015871
-123.1280360000 42.2090006946
-123.1363750000 42.1825046007
-123.1362530000 42.1702302488
-123.3504560000 42.1674352535
-123.3683930000 42.1670297424
-123.3682630000 42.1357055995
-123.4973910000 42.1309977695
-123.5194320000 42.1057322780
-123.5330580000 42.1180261932
-123.6325000000 42.1047833067
-123.5038990000 41.9955864961
-123.3485260000 41.7797926538
-123.2187500000 41.6975841310
-123.1350630000 41.5754656363
-123.1345210000 41.5144108454
-123.0020600000 41.5141190580
-122.9627840000 41.5409342160
-122.9185330000 41.5318038020
-122.8993530000 41.5401707646
-122.7366030000 41.4007662343
-122.6331480000 41.3649985455
-122.5701980000 41.3749572977
-122.5579150000 41.3411453999
-122.5015870000 41.2803274848
-122.3474500000 41.2306980394
-122.4070890000 41.3356297645
-122.3681410000 41.3388701764
-122.3683850000 41.3680606079
-122.3490830000 41.3837134363
-122.3576890000 41.4237996845
-122.4045940000 41.4955000846
-122.3946910000 41.5250508837
-122.4119950000 41.5625186656
-122.4572070000 41.6045752184
-122.4499890000 41.6146758773
-122.4974750000 41.6777014589
-122.4799580000 41.7088799099
-122.5248030000 41.7363801382
-122.5447310000 41.7688446526
-122.5443340000 41.7988742689
-122.6316990000 41.8629763747
-122.6463170000 41.8999228979
-122.6286010000 41.9312945259
-122.6273960000 41.9886585899
06
39
-120.3876110000 40.6740008562
-120.6538620000 40.9250887773
-120.9264530000 41.2359800481
-120.9212110000 40.8112117125
-120.9496460000 40.8084815089
-120.9929430000 40.8346588285
-121.0373460000 40.8088621392
-121.0555500000 40.8206232424
-121.0943450000 40.8003874732
-121.1090470000 40.8108829204
-121.1094510000 40.8012738505
-121.1667480000 40.7608238919
-121.1771470000 40.7657507301
-121.1805500000 40.7430007097
-121.2010800000 40.7529791509
-121.2443770000 40.7127369944
-121.4719240000 40.4823614643
-121.4726490000 40.4828466291
-121.4864650000 40.4737183888
-121.4626540000 40.4403468523
-121.4723280000 40.4082878489
-121.4515530000 40.3726007755
-121.4097140000 40.3540443512
-121.4221500000 40.3240174555
-121.4062040000 40.2668010302
-121.4590680000 40.2313345309
-121.4484940000 40.1744190753
-121.4167940000 40.1402327297
-121.4040150000 40.0725958868
-121.3832020000 40.0681354865
-121.3595580000 40.1084146718
-121.2985530000 40.0852091017
-121.2801970000 40.1066812742
-121.2268070000 40.0460787215
-120.9717410000 40.3030229236
-120.9735410000 40.3475597765
-120.9936450000 40.3643000247
-120.3876720000 40.6735727893
-120.3876110000 40.6740008562
06
21
-121.5566860000 40.9098711579
-121.9606480000 40.7813355528
-122.0010680000 40.8070917786
-122.0107730000 40.8274504187
-121.9977720000 40.8376946471
-122.0379710000 40.8753976045
-122.1814800000 40.9089394441
-122.2162780000 40.9713658253
-122.2656250000 41.0163122722
-122.3737790000 40.9902423936
-122.2817760000 40.7681523101
-122.0814740000 40.4773864640
-122.0489730000 40.4535270014
-121.9471660000 40.4635289204
-121.9247670000 40.4483229968
-121.8638460000 40.4859328398
-121.4726490000 40.4828466291
-121.4719240000 40.4823614643
-121.4996570000 40.5313303524
-121.5504530000 40.5549093977
-121.5566860000 40.9098711579
06
43
-123.6613620000 45.5343850600
-123.6391980000 45.5672493711
-123.6476290000 45.5840902627
-123.6261750000 45.5998767383
-123.6120150000 45.6386609808
-123.6355290000 45.6666927216
-123.6482620000 45.7375091878
-123.6930390000 45.7612500677
-123.6822050000 45.8180240280
-123.7185750000 45.8183810469
-123.6860730000 45.8717111217
-123.6897130000 45.9153817743
-123.6653210000 45.9482386802
-123.6604230000 45.9841947985
-123.6879650000 46.0663203705
-123.6726610000 46.0872560240
-123.7030790000 46.1312871553
-123.6717380000 46.1400053599
-123.6428150000 46.2131088225
-123.6071780000 46.2014820095
-123.5936280000 46.2353244992
-123.5600890000 46.2351256396
-123.5333400000 46.3011831290
-123.5407180000 46.3427128709
-123.5179060000 46.3630163342
-124.2511980000 46.3596441998
-124.3288350000 46.3596240158
-124.2945940000 46.3288664900
-124.2810440000 46.1882748078
-124.3044740000 46.1738853806
-124.3887940000 46.2096297473
-124.4377210000 46.1593453242
-124.4394990000 46.1295519409
-124.4057160000 46.0705620773
-124.2151570000 45.9353863087
-124.1884770000 45.7928599209
-124.1644670000 45.7520944460
-124.1365590000 45.6442201632
-123.8008040000 45.6437918025
-123.7705540000 45.6438732042
-123.7702790000 45.5428298940
-123.7702410000 45.5326298213
-123.6613620000 45.5343850600
06
36
-121.5814510000 39.7527374134
-121.5901570000 39.7761184130
-121.6071550000 39.7846267920
-121.6247560000 39.8020174180
-121.6468120000 39.7944144932
-121.6661300000 39.8325340552
-121.6940310000 39.8383113802
-121.7146610000 39.8683476011
-121.7368620000 39.8649672082
-121.7214810000 39.8878272623
-121.7346800000 39.9083805793
-121.8230060000 39.9877725342
-121.9046780000 40.0159950950
-121.9922410000 40.0579796049
-122.0261690000 40.0859419545
-122.0320740000 40.1166892265
-122.1043620000 40.1730813789
-122.1524890000 40.2363883292
-122.1528550000 40.1481069785
-122.2424700000 40.1469341498
-122.2425840000 40.1187868505
-122.3061830000 40.1114171270
-122.3176800000 40.1115464154
-122.2909850000 40.0224682835
-122.3138960000 39.9457714224
-122.2610470000 39.8689736129
-122.0817260000 39.7657460220
-122.0518800000 39.6515554012
-121.8146670000 39.6889368669
-121.7874370000 39.7325089358
-121.7002640000 39.7764386206
-121.7067950000 39.7660424319
-121.6592330000 39.7700359252
-121.6438520000 39.7446082461
-121.6284100000 39.7667715790
-121.5814510000 39.7527374134
06
26
-121.0221630000 42.9203935860
-120.9796830000 42.9543738144
-120.7575450000 42.9995427012
-120.6577990000 43.0945947798
-120.5608600000 43.0822119589
-120.5344160000 43.0150811281
-120.5056000000 42.9923747122
-120.0031130000 42.9900670906
-120.0013200000 43.3498813754
-120.0234530000 43.3320634643
-120.1471480000 43.3306895027
-120.6541210000 43.3288398224
-120.6804350000 43.2904743805
-120.7499240000 43.3462605662
-120.7924800000 43.3334660446
-120.8156890000 43.3818223375
-120.8404310000 43.3818509508
-120.8709870000 43.4206380680
-120.9229890000 43.3867439457
-120.9342880000 43.3546074990
-120.9499590000 43.2842497627
-121.0094760000 43.2422724733
-121.0232700000 43.1459007779
-121.0578610000 43.1110157930
-121.0352100000 43.0799279604
-121.0221630000 42.9203935860
06
58
-124.1348880000 43.7147250166
-123.5444560000 43.7140135468
-123.5430150000 44.6743289262
-123.5498200000 44.7298131509
-123.5661620000 44.7466303594
-123.5542910000 44.7561378538
-123.5632320000 44.8144720822
-123.5875400000 44.8393188967
-123.5803220000 44.8513700578
-123.6099400000 44.8659291309
-123.5973280000 44.8721600272
-123.6236340000 44.9323399044
-123.5889590000 44.9309554463
-123.5616610000 44.9604772131
-123.4824600000 44.9138871165
-123.4493410000 44.9516041471
-123.4537580000 44.9771613336
-123.4067310000 45.0425447895
-123.4080960000 45.0637235996
-123.4236070000 45.1015518070
-123.4547730000 45.1176448054
-123.4630050000 45.1473863379
-123.4412160000 45.1483788259
-123.4330290000 45.2396617334
-123.4082950000 45.2653845207
-123.4549100000 45.3394455850
-123.4445570000 45.3886892740
-123.4617460000 45.4013635217
-123.4597090000 45.4370982268
-123.4782260000 45.4631192273
-123.4747620000 45.5139081547
-123.4998860000 45.5346036343
-123.6613620000 45.5343850600
-123.7702410000 45.5326298213
-123.7702790000 45.5428298940
-123.7705540000 45.6438732042
-123.8008040000 45.6437918025
-124.1365590000 45.6442201632
-124.1424100000 45.5359657381
-124.2120130000 45.5347862243
-124.2422940000 45.4809561689
-124.2185670000 45.4280793098
-124.1623760000 45.4064656780
-124.1978530000 45.2712945426
-124.2413860000 45.2418254864
-124.2523350000 45.2024121711
-124.2255480000 45.0849844519
-124.1828920000 45.0264285319
-124.1861880000 45.0097906421
-124.2363360000 44.8458057431
-124.4198300000 44.4681024487
-124.4813690000 44.2821811411
-124.4277420000 44.1795334400
-124.4267270000 44.0382702276
-124.4110260000 44.0060631531
-124.2179570000 43.8244259088
-124.1462860000 43.7843512141
-124.1348880000 43.7147250166
06
47
-119.4727550000 37.2842079763
-119.5360570000 37.2800685255
-119.6735610000 37.3725281881
-119.7499690000 37.3752142820
-119.8003690000 37.3990481367
-119.8801190000 37.4530606054
-119.9951930000 37.4851864564
-120.0852970000 37.5387798533
-120.0814670000 37.5448322164
-120.1433180000 37.5209916283
-120.1415710000 37.5072013080
-120.1741710000 37.4907138447
-120.1889270000 37.4420615979
-120.2519990000 37.4404862231
-120.2798610000 37.4177791625
-120.3303220000 37.4217240765
-120.3334200000 37.3983779722
-120.2944720000 37.3384146070
-120.3036650000 37.2894730685
-120.4387050000 37.3899262281
-120.5009310000 37.3951651510
-120.6351010000 37.3566034894
-120.7027970000 37.4047477688
-120.7340770000 37.2812999790
-120.7225720000 37.2484460848
-120.6746830000 37.2088114400
-120.7020190000 37.1000282647
-120.6658480000 37.0385218826
-120.7062990000 36.9401013035
-120.7121810000 36.8768805834
-120.6581650000 36.8081399952
-120.5612720000 36.7825980109
-120.5040440000 36.6816713440
-120.4560170000 36.6646533834
-120.1371460000 36.7014621629
-120.0272980000 36.6858468889
-119.8915180000 36.6234267814
-119.8015900000 36.6322396547
-119.7161250000 36.5975716210
-119.6224980000 36.6346746866
-119.5009540000 36.5864477032
-119.4779510000 36.6464920838
-119.4469530000 36.6774547636
-119.4532850000 36.7089591250
-119.4404680000 36.7255589165
-119.4423520000 37.2843335647
-119.4727550000 37.2842079763
06
34
-119.4922870000 36.1710999992
-119.4680630000 36.2675345110
-119.5574190000 36.3224283555
-119.6593400000 36.2806313504
-119.7509610000 36.3261833636
-119.9361500000 36.3466517320
-119.9691770000 36.3217882424
-119.9916460000 36.2696204286
-120.0009610000 36.2840479831
-120.0709990000 36.2980875577
-120.2529530000 36.2614423781
-120.3619770000 36.3709642311
-120.4266050000 36.3836175272
-120.4773100000 36.3581554390
-120.5268630000 36.3748865730
-120.5609970000 36.3611554109
-120.5818940000 36.3102946682
-120.5593870000 36.2666086572
-120.5233840000 36.2530392824
-120.5264510000 36.2413591358
-120.5114060000 36.1982103903
-120.4807660000 36.1675400089
-120.3586270000 36.1447888986
-120.2989270000 36.1532518474
-120.2149510000 36.0476433953
-120.1172640000 36.0004318410
-119.9288020000 36.0773863414
-119.8962400000 36.1138632951
-119.8344190000 36.0717416395
-119.8102260000 36.0723898307
-119.6931840000 36.0872776676
-119.6301730000 36.1153675292
-119.5328220000 36.1309005172
-119.4922870000 36.1710999992
06
10
-119.0009310000 35.6330514599
-118.9683070000 35.5966660610
-118.9726790000 35.5218662031
-119.0179980000 35.4881781172
-119.0865100000 35.4957703144
-119.1061550000 35.5240737139
-119.1079410000 35.5842230567
-119.1150820000 35.6018266997
-119.0837330000 35.6294644109
-119.0009310000 35.6330514599
06
45
-120.9955220000 41.4242261189
-121.0262370000 41.5165145450
-121.0408170000 41.5021960621
-121.0633390000 41.5158302959
-121.1708450000 41.4549447451
-121.2680360000 41.4583841648
-121.3441620000 41.4278489810
-121.3980870000 41.4271984848
-121.4291610000 41.4606292161
-121.4760890000 41.4655346451
-121.5283970000 41.3867468513
-121.5360260000 41.3307884338
-121.5829240000 41.2928321030
-121.5643230000 41.2683138086
-121.5812910000 41.2570043523
-121.5843280000 41.1789596293
-121.5766070000 41.1914556891
-121.5600660000 41.1613331619
-121.5817180000 41.1492092083
-121.5710370000 41.1420919447
-121.5812150000 41.1093085416
-121.5667340000 41.0882211998
-121.5765150000 41.0825797755
-121.5613330000 41.0721298380
-121.5793690000 40.9597744639
-121.5361100000 40.9493281449
-121.5566860000 40.9098711579
-121.5504530000 40.5549093977
-121.4996570000 40.5313303524
-121.4719240000 40.4823614643
-121.2443770000 40.7127369944
-121.2010800000 40.7529791509
-121.1805500000 40.7430007097
-121.1771470000 40.7657507301
-121.1667480000 40.7608238919
-121.1094510000 40.8012738505
-121.1090470000 40.8108829204
-121.0943450000 40.8003874732
-121.0555500000 40.8206232424
-121.0373460000 40.8088621392
-120.9929430000 40.8346588285
-120.9496460000 40.8084815089
-120.9212110000 40.8112117125
-120.9264530000 41.2359800481
-120.9955220000 41.4242261189
06
61
-117.6737520000 36.0356566113
-117.6762850000 36.0573210452
-117.6635740000 36.0573210452
-117.6551210000 36.0777441911
-117.6496890000 36.1009347821
-117.6105800000 36.1086504751
-117.6083070000 36.1579351642
-117.5580830000 36.1791791756
-117.5512700000 36.2321250636
-117.3752750000 36.2281394166
-117.3738780000 36.2146439105
-117.2253720000 36.2139212242
-117.2253720000 36.1983105131
-117.2253040000 36.1965481241
-117.0683750000 36.1961753845
-116.9294590000 36.2007689820
-116.9265590000 36.2325027609
-115.3162160000 36.2324979341
-115.3161320000 36.2618105272
-115.3160630000 36.2852830696
-115.2635120000 36.2853567165
-114.4354320000 36.2875576960
-114.4108890000 36.3243958225
-114.2290270000 36.4176735762
-114.1610870000 36.5045368225
-114.1326520000 36.5043843723
-114.1409300000 36.5610183949
-114.1811450000 36.6170408033
-114.2296830000 36.6372999829
-114.3366620000 36.7363730990
-114.3872450000 36.7467227150
-114.3803250000 36.8291960514
-114.3896030000 36.8484087199
-114.4363630000 36.9137666716
-114.4286500000 36.9354425802
-114.4582140000 36.9881349133
-114.4508740000 37.0000873167
-114.4704740000 37.0530458330
-114.5547940000 37.1234948481
-114.5877080000 37.2055669285
-114.6343840000 37.2497283428
-114.6342770000 37.4078168422
-115.6486360000 38.3979911241
-115.7357480000 38.3971402912
-115.7358930000 38.3783732895
-115.7508390000 38.3784435620
-117.6329960000 38.3828511016
-117.6408000000 38.2752023341
-117.6520390000 38.2702319111
-117.6506500000 38.2391995507
-117.6162340000 38.2330848585
-117.6258930000 38.2033822491
-117.6338040000 38.2025183344
-117.6320110000 37.1880461865
-117.6672900000 37.1883580295
-117.6478810000 36.5327682422
-117.7314910000 36.2165719034
-117.7676930000 36.2164898604
-117.8027190000 36.1552811780
-117.7832870000 36.1267247258
-117.6737520000 36.0356566113
06
25
-117.7832870000 36.1267247258
-117.9762950000 36.1237135359
-117.9826970000 36.0740633395
-118.0591810000 36.0048878569
-118.1237870000 35.8426247007
-118.1259000000 35.8266723996
-118.0750730000 35.7575473848
-118.0420070000 35.7278785377
-117.8148420000 35.5746543743
-117.7353360000 35.4790519201
-117.7067030000 35.4745609941
-117.6110840000 35.3911086223
-117.5736770000 35.5340907931
-117.5085750000 35.5542836915
-117.5097200000 35.5960160522
-117.5100100000 35.6180142770
-117.4139020000 35.7792279339
-117.4597400000 35.8200787162
-117.5207980000 35.8404284234
-117.5339970000 35.8425609876
-117.5364300000 35.8975865210
-117.5793460000 35.9116046202
-117.6635890000 36.0196370691
-117.6737520000 36.0356566113
-117.7832870000 36.1267247258
06
47
-121.1409000000 42.0456394894
-121.1014250000 42.1781177809
-121.0578230000 42.2207512401
-121.0616990000 42.2646237148
-121.0443340000 42.2753073371
-121.0537410000 42.2865370231
-121.0391010000 42.3075482144
-120.9383160000 42.3334725417
-120.9364930000 42.3692951547
-120.8588710000 42.3539699065
-120.8493880000 42.3858102653
-120.8337400000 42.3798096861
-120.8107300000 42.4162385789
-120.7638090000 42.4275589988
-120.7459560000 42.4287030868
-120.7031020000 42.3914922070
-120.6846390000 42.4013570129
-120.6726840000 42.3621266764
-120.5637440000 42.3045420965
-120.4915540000 42.3445512437
-120.4511340000 42.4010868357
-120.4405900000 42.4461029762
-120.4174190000 42.4501139558
-120.2401580000 42.4552515118
-120.1835630000 42.4648863378
-120.1530000000 42.4840817882
-120.1435780000 42.5021169450
-120.0024640000 42.5023822703
-120.0053180000 42.8234773174
-120.6743850000 42.8143122504
-120.8536300000 42.6857540826
-120.8695220000 42.6478972643
-120.9047780000 42.6382520378
-120.9893880000 42.5587350896
-120.9918290000 42.5128619531
-121.0436170000 42.4327622058
-121.1053540000 42.4315550044
-121.1392440000 42.4640662308
-121.2206800000 42.4306116481
-121.2795330000 42.4600533486
-121.3115540000 42.4824257827
-121.4148940000 42.4112370412
-121.4143980000 42.3207806805
-121.4634320000 42.3203590629
-121.4694210000 42.1093666727
-121.4844670000 42.0746290960
-121.1409000000 42.0456394894
06
28
-120.0031130000 42.9900670906
-120.5056000000 42.9923747122
-120.5344160000 43.0150811281
-120.5608600000 43.0822119589
-120.6577990000 43.0945947798
-120.7575450000 42.9995427012
-120.9796830000 42.9543738144
-121.0221630000 42.9203935860
-121.1270980000 42.9058533971
-121.1576920000 42.8441683741
-121.1938100000 42.8411560739
-121.2171630000 42.7837295417
-121.2633670000 42.7698326665
-121.2601320000 42.7502615475
-121.2788540000 42.7124513609
-121.2795330000 42.4600533486
-121.2206800000 42.4306116481
-121.1392440000 42.4640662308
-121.1053540000 42.4315550044
-121.0436170000 42.4327622058
-120.9918290000 42.5128619531
-120.9893880000 42.5587350896
-120.9047780000 42.6382520378
-120.8695220000 42.6478972643
-120.8536300000 42.6857540826
-120.6743850000 42.8143122504
-120.0053180000 42.8234773174
-120.0031130000 42.9900670906
06
47
-117.8327260000 40.4611212573
-119.5854340000 42.0472132574
-119.5913240000 42.0078323288
-119.6143190000 41.9873932052
-119.6210710000 41.9206944926
-119.5423660000 41.7509342917
-119.5697100000 41.6912735510
-119.5619960000 41.6603779880
-119.6208500000 41.6405518214
-119.6065670000 41.6056402061
-119.6330340000 41.5887255726
-119.6392060000 41.5534294591
-119.6507570000 41.5007526150
-119.6131130000 41.4685134320
-119.6216960000 41.4579524795
-119.6049350000 41.4353090101
-119.6246260000 41.4276885843
-119.6320340000 41.3901646518
-119.5846020000 41.3706813150
-119.5717620000 41.3378667558
-119.5134580000 41.3120308224
-119.4958880000 41.3360125545
-119.4598080000 41.2599370543
-119.4399950000 41.2606308527
-119.4297030000 41.2851763515
-119.3450240000 41.2400808622
-119.3072740000 41.1643199688
-119.3223800000 41.1000365758
-119.3117900000 41.0766913959
-119.2002790000 40.9929056907
-119.2162860000 40.9446474383
-119.1963810000 40.9395794703
-119.2168810000 40.9074228972
-119.2032780000 40.8778070618
-119.2689820000 40.8073472142
-119.2167510000 40.7757467640
-119.1991120000 40.8036042660
-119.1250610000 40.8004974797
-119.0655820000 40.7385072197
-119.0223620000 40.6134469009
-118.9751590000 40.5773653628
-118.9464650000 40.5860696901
-118.9144590000 40.5646231768
-118.8504710000 40.4748146381
-118.7958370000 40.4906637978
-118.7750170000 40.4587564905
-117.8327260000 40.4611212573
06
77
-120.6538620000 40.9250887773
-120.3876110000 40.6740008562
-120.3753050000 40.6983925279
-120.3941500000 40.7180339870
-120.3911900000 40.7367432426
-120.3526230000 40.7256003749
-120.3259430000 40.6932709380
-120.3097460000 40.7030230396
-120.3448330000 40.7905759265
-120.2862400000 40.7951680070
-120.2823410000 40.8150422250
-120.2593610000 40.8008793420
-120.2380830000 40.8403042650
-120.1889800000 40.8436489325
-120.1739650000 40.8837006233
-120.1270450000 40.8610079576
-120.0799790000 40.9205726078
-120.0250090000 40.8985469076
-119.9366910000 40.8372455927
-119.9006120000 40.8312423853
-119.8679120000 40.8493341297
-119.8078080000 40.8273201437
-119.6653060000 40.8880504796
-119.6471020000 40.9423616266
-119.5970690000 40.9622570297
-119.5779040000 41.0041780315
-119.5339970000 41.0145721948
-119.5029980000 40.9704765670
-119.4723970000 40.9579379143
-119.4501950000 40.9722500249
-119.4248890000 40.9671856252
-119.4005890000 40.9281794469
-119.3753200000 40.9356666097
-119.3515850000 40.8984317228
-119.3104860000 40.8747648791
-119.3089980000 40.8563658329
-119.2689820000 40.8073472142
-119.2032780000 40.8778070618
-119.2168810000 40.9074228972
-119.1963810000 40.9395794703
-119.2162860000 40.9446474383
-119.2002790000 40.9929056907
-119.3117900000 41.0766913959
-119.3223800000 41.1000365758
-119.3072740000 41.1643199688
-119.3450240000 41.2400808622
-119.4297030000 41.2851763515
-119.4399950000 41.2606308527
-119.4598080000 41.2599370543
-119.4958880000 41.3360125545
-119.5134580000 41.3120308224
-119.5717620000 41.3378667558
-119.5846020000 41.3706813150
-119.6320340000 41.3901646518
-119.6246260000 41.4276885843
-119.6049350000 41.4353090101
-119.6216960000 41.4579524795
-119.6131130000 41.4685134320
-119.6507570000 41.5007526150
-119.6392060000 41.5534294591
-119.7000270000 41.6023075371
-119.6955110000 41.6146758773
-119.7086560000 41.6687527836
-119.8017650000 41.6484080219
-119.8879010000 41.5930843365
-120.0200040000 41.6892858652
-120.1762010000 41.6134934347
-120.3303150000 41.3856843813
-120.3710480000 41.3150924077
-120.4696270000 41.1596335300
-120.4627990000 41.1528213517
-120.4990390000 41.1481583370
-120.5051120000 41.1262526567
-120.5154110000 41.1430754856
-120.5430830000 41.1083507298
-120.5133510000 41.0843312693
-120.6538620000 40.9250887773
06
50
-120.9187320000 39.5526466685
-121.1414110000 39.6733922776
-121.1887970000 39.7686000994
-121.2220610000 39.7658798441
-121.2345430000 39.7862642605
-121.2154080000 39.8286618415
-121.4182510000 39.8279034367
-121.4502490000 39.8630855082
-121.4725270000 39.8500861425
-121.4889530000 39.8560748440
-121.5597760000 39.7542918000
-121.5814510000 39.7527374134
-121.6284100000 39.7667715790
-121.6438520000 39.7446082461
-121.6226580000 39.6866812452
-121.5057450000 39.5757703200
-121.4818570000 39.5839463064
-121.4528730000 39.5389433478
-121.4839550000 39.5204540840
-121.4688420000 39.4846509457
-121.4161070000 39.4688402568
-121.4077610000 39.4478589576
-121.3665240000 39.4481057698
-121.3186870000 39.3904960872
-121.3318710000 39.3309637553
-121.2955930000 39.2874555611
-121.3118060000 39.2570821847
-121.2399670000 39.2594322302
-121.2299500000 39.2243044670
-121.1967540000 39.1904003649
-121.0442730000 39.0378916173
-121.0404820000 38.9933081727
-121.0402980000 38.9684733534
-121.0274810000 38.9740810993
-121.0270610000 38.9546346128
-120.9929050000 38.9674041851
-120.9858250000 38.9959731461
-120.9532470000 38.9734658563
-120.9208450000 39.0181915582
-120.8425140000 38.9773558455
-120.7616880000 38.8849091451
-120.7120510000 38.8783090042
-120.7177510000 38.9546259317
-120.7583160000 39.0149055026
-120.6785810000 38.9641260544
-120.6825790000 38.9973590109
-120.6649930000 39.0200617310
-120.5970150000 39.0398565065
-120.5971070000 39.2352689346
-120.9187320000 39.5526466685
06
35
-121.0262370000 41.5165145450
-120.9955220000 41.4242261189
-120.8929750000 41.4188073658
-120.8080750000 41.5041402286
-120.7556610000 41.5041351324
-120.7392730000 41.5278557253
-120.6315990000 41.5701055870
-120.6092990000 41.6426111862
-120.5309980000 41.6707042891
-120.4963840000 41.7093076624
-120.4621810000 41.7056060727
-120.4240950000 41.7397317071
-120.3331990000 41.7301780137
-120.2110820000 41.7742597127
-120.1251600000 41.7690784724
-120.0724870000 41.7871393292
-120.0723950000 42.0338281216
-120.0945740000 42.0418064267
-120.1120070000 42.0367125844
-120.1404950000 41.9510899928
-120.2148280000 41.9388619731
-120.2329640000 41.8852376869
-120.3177800000 41.8297805420
-120.6299670000 41.7789837758
-120.7237090000 41.8347951459
-120.8050080000 41.8506577733
-120.8436200000 41.8451205678
-120.8647610000 41.8193149396
-120.8767240000 41.8294545127
-120.8857420000 41.8059093045
-120.9028930000 41.8141401099
-120.9273990000 41.7934961016
-120.9416120000 41.8106925157
-121.0273590000 41.7846818528
-121.0262370000 41.5165145450
06
55
-121.5928880000 41.5358195946
-121.5844880000 41.5589249440
-121.5217590000 41.5956910216
-121.5131610000 41.6441589299
-121.5327000000 41.6859795336
-121.5010150000 41.7094302426
-121.5041350000 41.7316582604
-121.5565720000 41.7670609980
-121.5135500000 41.8257468100
-121.5184630000 41.8527410254
-121.5079650000 41.8944377391
-121.5454250000 41.8996541981
-121.5651020000 41.9563839301
-121.5897670000 41.9565119614
-121.6319200000 42.0054765442
-121.6028980000 42.0762187460
-121.5925450000 42.1102720877
-121.6222230000 42.1387151459
-121.6340030000 42.1164653156
-121.6484450000 42.1244700649
-121.6387630000 42.1165102049
-121.6627500000 42.1181480377
-121.6727830000 42.0851392457
-121.6701200000 42.1057463844
-121.6922380000 42.1166948925
-121.6905440000 42.1518744151
-121.7231220000 42.1628977387
-121.7291560000 42.2327472920
-121.7486720000 42.2499479778
-121.7834470000 42.2311253830
-121.8144230000 42.2562791290
-121.7910770000 42.2911834851
-121.8151250000 42.3008022592
-121.8043900000 42.3047284498
-121.8358150000 42.3183641180
-122.3401720000 42.3180749060
-122.4039380000 42.3194130011
-122.4216610000 42.2919185113
-122.3950580000 42.2409818461
-122.3518910000 42.2050580781
-122.2897570000 42.2089377860
-122.2215960000 42.0254648460
-122.1633760000 41.9627780309
-122.1684420000 41.9272217771
-122.1515200000 41.9345610470
-122.1403660000 41.9148753618
-122.1032940000 41.7913464563
-122.0578310000 41.7965378971
-122.0173340000 41.7608619171
-121.9431230000 41.8170713698
-121.7962190000 41.8098399048
-121.7114720000 41.8225531914
-121.6949620000 41.8088939889
-121.6943210000 41.5372878048
-121.5928880000 41.5358195946
06
33
-122.7390590000 42.9100128579
-122.7846980000 42.9083154125
-122.7419430000 42.8847627689
-122.7738650000 42.8171168613
-122.6645430000 42.6955076228
-122.5151670000 42.6841485985
-122.4753880000 42.6346996743
-122.4767150000 42.5977989231
-122.4962080000 42.5948180119
-122.4907460000 42.4839298362
-122.4108050000 42.4391498290
-122.4087220000 42.3671795333
-122.3401720000 42.3180749060
-121.8358150000 42.3183641180
-121.8345640000 42.3745246158
-121.7953190000 42.4104225641
-121.8259580000 42.4291934147
-121.8387070000 42.4976065325
-121.8866810000 42.5075060351
-121.9107280000 42.5731603508
-121.9390490000 42.5893438080
-121.9173510000 42.6046842739
-121.9448010000 42.6461840878
-121.9290240000 42.6709908948
-121.9482960000 42.7259365863
-121.9083020000 42.8073993204
-121.8900380000 42.9108279535
-122.0083540000 42.9107839640
-122.0083770000 42.9464004610
-122.1356280000 42.9504245865
-122.1360470000 42.9243764381
-122.1360090000 42.9128954831
-122.7390590000 42.9100128579
06
33
-118.1259000000 35.8266723996
-118.1237870000 35.8426247007
-118.0591810000 36.0048878569
-117.9826970000 36.0740633395
-117.9762950000 36.1237135359
-117.7832870000 36.1267247258
-117.8027190000 36.1552811780
-117.7676930000 36.2164898604
-117.7314910000 36.2165719034
-117.6478810000 36.5327682422
-117.6672900000 37.1883580295
-118.8944630000 37.1825452414
-118.8896710000 37.1693678306
-118.8818970000 37.1494996290
-118.6412730000 36.5556931268
-118.6325530000 36.4829431971
-118.6537550000 36.4817335379
-118.6675490000 36.4817335379
-118.6679310000 36.3958578304
-118.7816090000 36.3946963405
-118.9398570000 36.2825147098
-118.9517210000 36.1827311273
-118.8759230000 36.1718320315
-118.8147510000 36.1276903022
-118.7307280000 36.1658420626
-118.5591510000 36.1765246394
-118.4453280000 36.0022414346
-118.4832080000 35.9557306551
-118.4737010000 35.8730516155
-118.3351210000 35.7843376038
-118.2742920000 35.7861614315
-118.2435460000 35.8118498226
-118.1259000000 35.8266723996
06
16
-118.3414690000 35.2906628381
-118.3028340000 35.2918299096
-118.2509000000 35.3282285189
-118.2410510000 35.3660219161
-118.2538070000 35.4189226434
-118.3246540000 35.5204436898
-118.4628520000 35.6024995326
-118.5936510000 35.6286630404
-118.6557310000 35.6029696786
-118.6659160000 35.5508312261
-118.6259160000 35.4872232912
-118.5533750000 35.4464614684
-118.5496220000 35.4110403526
-118.5180360000 35.3464230110
-118.5009160000 35.3313769476
-118.3414690000 35.2906628381
06
14
-118.3289030000 34.8432160655
-118.4459080000 34.9447489317
-118.5341870000 35.0730557913
-118.6083370000 35.0950848935
-118.6707760000 35.0612477371
-118.6710130000 34.9990888075
-118.6701740000 34.9921514064
-118.6447300000 34.9921514064
-118.5554580000 34.7933835924
-118.4409180000 34.6956605623
-118.3534930000 34.7132381026
-118.3028490000 34.7406423890
-118.2887800000 34.7786878467
-118.3289030000 34.8432160655
06
55
-120.0723950000 42.0338281216
-119.9480590000 42.1348884465
-119.9067760000 42.2286765219
-119.8780900000 42.2456850703
-119.8800890000 42.2857570678
-119.9043120000 42.3297405166
-119.9919740000 42.4069562930
-120.0024640000 42.5023822703
-120.1435780000 42.5021169450
-120.1530000000 42.4840817882
-120.1835630000 42.4648863378
-120.2401580000 42.4552515118
-120.4174190000 42.4501139558
-120.4405900000 42.4461029762
-120.4511340000 42.4010868357
-120.4915540000 42.3445512437
-120.5637440000 42.3045420965
-120.6726840000 42.3621266764
-120.6846390000 42.4013570129
-120.7031020000 42.3914922070
-120.7459560000 42.4287030868
-120.7638090000 42.4275589988
-120.8107300000 42.4162385789
-120.8337400000 42.3798096861
-120.8493880000 42.3858102653
-120.8588710000 42.3539699065
-120.9364930000 42.3692951547
-120.9383160000 42.3334725417
-121.0391010000 42.3075482144
-121.0537410000 42.2865370231
-121.0443340000 42.2753073371
-121.0616990000 42.2646237148
-121.0578230000 42.2207512401
-121.1014250000 42.1781177809
-121.1409000000 42.0456394894
-121.1187590000 42.0525858025
-121.1114270000 42.0333988557
-121.0273590000 41.7846818528
-120.9416120000 41.8106925157
-120.9273990000 41.7934961016
-120.9028930000 41.8141401099
-120.8857420000 41.8059093045
-120.8767240000 41.8294545127
-120.8647610000 41.8193149396
-120.8436200000 41.8451205678
-120.8050080000 41.8506577733
-120.7237090000 41.8347951459
-120.6299670000 41.7789837758
-120.3177800000 41.8297805420
-120.2329640000 41.8852376869
-120.2148280000 41.9388619731
-120.1404950000 41.9510899928
-120.1120070000 42.0367125844
-120.0945740000 42.0418064267
-120.0723950000 42.0338281216
06
70
-120.2139820000 38.3730167044
-120.2203140000 38.4099590577
-120.2591860000 38.4420904231
-120.2439580000 38.4827588204
-120.2781520000 38.5179907162
-120.3150710000 38.5184808578
-120.3598180000 38.5886236197
-120.4343640000 38.5953771176
-120.4786990000 38.6457243177
-120.5295260000 38.6630379870
-120.5289920000 38.6756889006
-120.5876080000 38.7155022098
-120.5991590000 38.7576820821
-120.6461110000 38.7626959322
-120.6721040000 38.8358736097
-120.6503450000 38.8410289933
-120.6270520000 38.8844307870
-120.6793140000 38.9383154264
-120.6785810000 38.9641260544
-120.7583160000 39.0149055026
-120.7177510000 38.9546259317
-120.7120510000 38.8783090042
-120.7616880000 38.8849091451
-120.8425140000 38.9773558455
-120.9208450000 39.0181915582
-120.9532470000 38.9734658563
-120.9858250000 38.9959731461
-120.9929050000 38.9674041851
-121.0270610000 38.9546346128
-121.0274810000 38.9740810993
-121.0402980000 38.9684733534
-121.0404820000 38.9933081727
-121.0442730000 39.0378916173
-121.1967540000 39.1904003649
-121.2299500000 39.2243044670
-121.2399670000 39.2594322302
-121.3118060000 39.2570821847
-121.2955930000 39.2874555611
-121.3318710000 39.3309637553
-121.3186870000 39.3904960872
-121.3665240000 39.4481057698
-121.4077610000 39.4478589576
-121.4161070000 39.4688402568
-121.4688420000 39.4846509457
-121.4839550000 39.5204540840
-121.4528730000 39.5389433478
-121.4818570000 39.5839463064
-121.5057450000 39.5757703200
-121.6226580000 39.6866812452
-121.6438520000 39.7446082461
-121.6592330000 39.7700359252
-121.7067950000 39.7660424319
-121.7002640000 39.7764386206
-121.7874370000 39.7325089358
-121.8146670000 39.6889368669
-122.0518800000 39.6515554012
-122.0311810000 39.5645385270
-122.0011220000 39.4370696489
-122.0444030000 39.3571025295
-121.9712300000 39.1094477728
-121.9604870000 38.9923193720
-121.8822710000 38.8957918074
-121.7292100000 38.7934183721
-121.6907200000 38.7357026611
-121.6481780000 38.6314271581
-121.6318210000 38.6071196304
-121.5696410000 38.5706585763
-121.5254670000 38.4787059055
-121.4381790000 38.3821125937
-120.2139820000 38.3730167044
06
31
-120.9264530000 41.2359800481
-120.6538620000 40.9250887773
-120.5133510000 41.0843312693
-120.5430830000 41.1083507298
-120.5154110000 41.1430754856
-120.5051120000 41.1262526567
-120.4990390000 41.1481583370
-120.4627990000 41.1528213517
-120.4696270000 41.1596335300
-120.3710480000 41.3150924077
-120.3303150000 41.3856843813
-120.1762010000 41.6134934347
-120.0200040000 41.6892858652
-120.0542070000 41.7172093111
-120.0725940000 41.7091723137
-120.0724870000 41.7871393292
-120.1251600000 41.7690784724
-120.2110820000 41.7742597127
-120.3331990000 41.7301780137
-120.4240950000 41.7397317071
-120.4621810000 41.7056060727
-120.4963840000 41.7093076624
-120.5309980000 41.6707042891
-120.6092990000 41.6426111862
-120.6315990000 41.5701055870
-120.7392730000 41.5278557253
-120.7556610000 41.5041351324
-120.8080750000 41.5041402286
-120.8929750000 41.4188073658
-120.9955220000 41.4242261189
-120.9264530000 41.2359800481
06
27
-122.5751880000 40.7662474729
-122.5681460000 40.6880725891
-122.5871050000 40.6157335328
-122.5734180000 40.4973082084
-122.5145950000 40.4328890375
-122.4715500000 40.3271802479
-122.4817730000 40.2172215230
-122.4680560000 40.1128242468
-122.4043960000 40.0199426592
-122.3817060000 39.9667195257
-122.3138960000 39.9457714224
-122.2909850000 40.0224682835
-122.3176800000 40.1115464154
-122.3061830000 40.1114171270
-122.2425840000 40.1187868505
-122.2424700000 40.1469341498
-122.1528550000 40.1481069785
-122.1524890000 40.2363883292
-122.1927870000 40.2770069961
-122.1793980000 40.2912396015
-122.2022630000 40.3302651419
-122.1905750000 40.4184335658
-122.1623760000 40.4472761838
-122.1229780000 40.4462709520
-122.0814740000 40.4773864640
-122.2817760000 40.7681523101
-122.5751880000 40.7662474729
06
59
-122.1524890000 40.2363883292
-122.1043620000 40.1730813789
-122.0320740000 40.1166892265
-122.0261690000 40.0859419545
-121.9922410000 40.0579796049
-121.9046780000 40.0159950950
-121.8230060000 39.9877725342
-121.7346800000 39.9083805793
-121.7214810000 39.8878272623
-121.7368620000 39.8649672082
-121.7146610000 39.8683476011
-121.6940310000 39.8383113802
-121.6661300000 39.8325340552
-121.6468120000 39.7944144932
-121.6247560000 39.8020174180
-121.6071550000 39.7846267920
-121.5901570000 39.7761184130
-121.5814510000 39.7527374134
-121.5597760000 39.7542918000
-121.4889530000 39.8560748440
-121.4725270000 39.8500861425
-121.4502490000 39.8630855082
-121.4182510000 39.8279034367
-121.2154080000 39.8286618415
-121.2448040000 39.8541495055
-121.2354130000 39.8904019761
-121.2484590000 39.9191167590
-121.2083820000 39.9535004795
-121.2452010000 39.9885322143
-121.2189330000 40.0280602597
-121.2268070000 40.0460787215
-121.2801970000 40.1066812742
-121.2985530000 40.0852091017
-121.3595580000 40.1084146718
-121.3832020000 40.0681354865
-121.4040150000 40.0725958868
-121.4167940000 40.1402327297
-121.4484940000 40.1744190753
-121.4590680000 40.2313345309
-121.4062040000 40.2668010302
-121.4221500000 40.3240174555
-121.4097140000 40.3540443512
-121.4515530000 40.3726007755
-121.4723280000 40.4082878489
-121.4626540000 40.4403468523
-121.4864650000 40.4737183888
-121.4726490000 40.4828466291
-121.8638460000 40.4859328398
-121.9247670000 40.4483229968
-121.9471660000 40.4635289204
-122.0489730000 40.4535270014
-122.0814740000 40.4773864640
-122.1229780000 40.4462709520
-122.1623760000 40.4472761838
-122.1905750000 40.4184335658
-122.2022630000 40.3302651419
-122.1793980000 40.2912396015
-122.1927870000 40.2770069961
-122.1524890000 40.2363883292
06
30
-119.5009540000 36.5864477032
-119.4489820000 36.5353122379
-119.3344650000 36.4770498730
-119.2711940000 36.3422376101
-119.2179950000 36.2667510957
-119.1589660000 36.2399097706
-118.9517210000 36.1827311273
-118.9398570000 36.2825147098
-118.7816090000 36.3946963405
-118.6679310000 36.3958578304
-118.6675490000 36.4817335379
-118.6537550000 36.4817335379
-118.6325530000 36.4829431971
-118.6412730000 36.5556931268
-118.8818970000 37.1494996290
-118.9767230000 37.1495507711
-118.9767230000 37.1687832365
-118.9767910000 37.1757839746
-119.2436450000 37.1831213891
-119.2509460000 37.2309410043
-119.2781980000 37.2339072562
-119.2790990000 37.2580012512
-119.3824540000 37.2580012512
-119.3822860000 37.2783615854
-119.4423520000 37.2843335647
-119.4404680000 36.7255589165
-119.4532850000 36.7089591250
-119.4469530000 36.6774547636
-119.4779510000 36.6464920838
-119.5009540000 36.5864477032
06
9
-119.4922870000 36.1710999992
-119.4408190000 36.1418229926
-119.3846660000 36.1350535731
-119.3327940000 36.1524150466
-119.2940440000 36.2047125471
-119.2943950000 36.2245255595
-119.3309250000 36.2698546141
-119.4680630000 36.2675345110
-119.4922870000 36.1710999992
06
94
-122.4983750000 45.2690131309
-122.5193250000 45.3053474369
-122.5134510000 45.4008165947
-122.4800340000 45.4503600664
-122.5696410000 45.5155044492
-122.5842510000 45.5042404080
-122.5878680000 45.4625559310
-122.6397480000 45.4621031660
-122.6535190000 45.4131372596
-122.7075500000 45.3914914208
-122.7246320000 45.3561359108
-122.7765810000 45.3332610040
-122.7986980000 45.2992423722
-122.8858030000 45.2985937426
-122.9288100000 45.2641382589
-122.9613490000 45.2674877941
-122.9516450000 45.2264731678
-122.9710080000 45.1470214555
-122.9259570000 45.1219464122
-122.8981550000 45.0671781191
-122.9164960000 45.0209405132
-122.9788890000 45.0443895633
-123.0368040000 45.0320096520
-123.0550990000 45.0882926326
-123.1095810000 45.1236058306
-123.2427670000 45.1299718701
-123.2947540000 45.2114023981
-123.3514860000 45.2423262522
-123.3804090000 45.2273244540
-123.4082950000 45.2653845207
-123.4330290000 45.2396617334
-123.4412160000 45.1483788259
-123.4630050000 45.1473863379
-123.4547730000 45.1176448054
-123.4236070000 45.1015518070
-123.4080960000 45.0637235996
-123.4067310000 45.0425447895
-123.4537580000 44.9771613336
-123.4493410000 44.9516041471
-123.4824600000 44.9138871165
-123.5616610000 44.9604772131
-123.5889590000 44.9309554463
-123.6236340000 44.9323399044
-123.5973280000 44.8721600272
-123.6099400000 44.8659291309
-123.5803220000 44.8513700578
-123.5875400000 44.8393188967
-123.5632320000 44.8144720822
-123.5542910000 44.7561378538
-123.5661620000 44.7466303594
-123.5498200000 44.7298131509
-123.5430150000 44.6743289262
-123.5444560000 43.7140135468
-123.5445710000 43.7113335104
-123.5445630000 43.6815008648
-122.9340130000 43.6829585261
-122.9516680000 43.7092474980
-122.9509580000 43.7838978683
-122.9723740000 43.8117365333
-122.9618380000 43.8283445717
-122.9685520000 43.8930706151
-122.9894100000 43.9008644552
-122.9719540000 43.9514206657
-122.9775540000 44.0253603180
-123.0440060000 44.0567252030
-123.0654680000 44.0867994243
-123.0657580000 44.1616577114
-123.0447310000 44.1655571807
-122.9995570000 44.2268179351
-122.9987560000 44.2586443882
-122.9028400000 44.2944058593
-122.8838880000 44.3324744109
-122.8487700000 44.3528974328
-122.8507310000 44.3664457076
-122.7938610000 44.3854757170
-122.7676390000 44.4389458594
-122.6944730000 44.4634062550
-122.7098690000 44.5384383896
-122.7354970000 44.5453352619
-122.7270740000 44.5640929037
-122.7521970000 44.6155087986
-122.7124250000 44.6432279526
-122.7173160000 44.6915724072
-122.6587980000 44.7447654369
-122.6657940000 44.7947741413
-122.6004640000 44.8938995542
-122.6114960000 44.9198342514
-122.5986630000 44.9943082479
-122.5289990000 45.0432113951
-122.5227890000 45.1016830960
-122.5384830000 45.1192789400
-122.4537510000 45.1658633280
-122.4454500000 45.2361445872
-122.4983750000 45.2690131309
06
106
-120.5422210000 39.9323886574
-120.9187320000 39.5526466685
-120.5971070000 39.2352689346
-120.5970150000 39.0398565065
-120.6649930000 39.0200617310
-120.6825790000 38.9973590109
-120.6785810000 38.9641260544
-120.6793140000 38.9383154264
-120.6270520000 38.8844307870
-120.6503450000 38.8410289933
-120.6721040000 38.8358736097
-120.6461110000 38.7626959322
-120.5991590000 38.7576820821
-120.5876080000 38.7155022098
-120.5289920000 38.6756889006
-120.5295260000 38.6630379870
-120.4786990000 38.6457243177
-120.4343640000 38.5953771176
-120.3598180000 38.5886236197
-120.3150710000 38.5184808578
-119.9591600000 38.8715730110
-119.9593050000 39.1302622493
-119.7522510000 39.1322190781
-119.7461930000 39.1492544823
-119.6703640000 39.1650512626
-119.6663670000 39.1524916733
-119.5730440000 39.2394020767
-119.4659120000 39.3467841367
-119.3048480000 39.3537775101
-119.3046340000 39.4532029565
-118.9848020000 39.4504455306
-118.9799960000 39.5542040448
-118.3605880000 39.5581312912
-118.3930210000 39.6668203260
-118.3615190000 39.6836259311
-118.3615340000 39.7374537512
-118.4197310000 39.8668251574
-118.4412840000 39.9571622269
-118.5684970000 40.0222814301
-118.5931700000 40.0502997452
-118.6435240000 40.0501554872
-118.6674500000 40.0720074282
-118.6861420000 40.1637820847
-118.6673430000 40.2082383014
-118.7226560000 40.2853918765
-118.7423710000 40.2743689557
-118.7866060000 40.3092943782
-118.7679670000 40.3392511619
-118.7882610000 40.3743680046
-118.7589190000 40.4354118566
-118.7750170000 40.4587564905
-118.7958370000 40.4906637978
-118.8504710000 40.4748146381
-118.9144590000 40.5646231768
-118.9464650000 40.5860696901
-118.9751590000 40.5773653628
-119.0223620000 40.6134469009
-119.3138350000 40.3169726345
-119.3250890000 40.2994396018
-119.3155750000 40.2860017836
-119.3346330000 40.2692804366
-119.3219600000 40.1906588360
-119.3372960000 40.1527017436
-119.3300860000 40.1378759816
-119.3860020000 40.0650578699
-119.4306950000 40.0816716610
-119.4339370000 40.0630392183
-119.4615020000 40.0595264405
-119.4802930000 40.0143599386
-119.5053410000 40.0651017814
-119.5248570000 40.0379257152
-119.5591280000 40.0575831775
-119.5689010000 40.0260461572
-119.5382770000 40.0107774896
-119.5614240000 39.9597676423
-119.6049120000 39.9661354827
-119.6259770000 39.9087099995
-119.6426770000 39.9315705418
-119.6577840000 39.9269877209
-119.6579900000 39.8949980635
-119.6953740000 39.8898472045
-119.7396550000 39.8406794838
-119.7342760000 39.8105268572
-119.7660830000 39.7756180910
-119.8171840000 39.6878496631
-119.8814850000 39.6982235916
-119.9369890000 39.6723527297
-119.9835210000 39.6782353206
-120.0253680000 39.6465188481
-120.0789410000 39.6587034650
-120.1707460000 39.6318391591
-120.1885830000 39.5984713265
-120.2162930000 39.6153510833
-120.2300800000 39.5888946776
-120.2737960000 39.5942615279
-120.2905960000 39.5809367132
-120.3466260000 39.6241448696
-120.3447340000 39.6088967437
-120.3691790000 39.6080963810
-120.3688510000 39.6388571007
-120.4549100000 39.7038877996
-120.4665370000 39.7391141664
-120.4502490000 39.7664714148
-120.5029140000 39.8771083851
-120.5445100000 39.9097471170
-120.5422210000 39.9323886574
06
45
-118.0080410000 38.3728761673
-118.0022510000 38.4650489178
-117.9815060000 38.4703784577
-117.9861370000 38.5482976934
-118.0171050000 38.5782743527
-118.0043790000 38.6146949996
-118.0341110000 38.6457997276
-118.0528110000 38.7390584679
-118.0674130000 38.7501945868
-118.0729140000 38.8080043467
-118.0598140000 38.8445395674
-118.1063160000 38.8988085821
-118.1276090000 38.9806728795
-118.1008150000 39.0626772185
-118.1234210000 39.0702509674
-118.1610180000 39.1185606196
-118.1388170000 39.1523599468
-118.1570210000 39.1693839917
-118.2118230000 39.1688868242
-118.2159190000 39.1993455529
-118.2500230000 39.2326694868
-118.2353210000 39.2459784043
-118.2388230000 39.2825563024
-118.2919240000 39.3319697276
-118.2753220000 39.3749338186
-118.3210300000 39.4125539078
-118.3379290000 39.4474500985
-118.3301240000 39.4619108094
-118.3663250000 39.4918389376
-118.3347240000 39.5091763866
-118.3605880000 39.5581312912
-118.9799960000 39.5542040448
-118.9848020000 39.4504455306
-119.3046340000 39.4532029565
-119.3048480000 39.3537775101
-119.4659120000 39.3467841367
-119.5730440000 39.2394020767
-119.5285030000 39.2353074916
-119.5245210000 39.1307455512
-119.4749370000 39.1293751666
-119.4747390000 38.9661266560
-119.4923480000 38.9661179738
-119.5296250000 38.9666054173
-119.5381160000 38.3733742119
-118.0080410000 38.3728761673
06
10
-122.2817760000 40.7681523101
-122.3737790000 40.9902423936
-122.4322810000 41.0486712072
-122.4187850000 40.9518648921
-122.4722820000 40.9251470192
-122.5273820000 40.9042544317
-122.6122820000 40.9034923957
-122.6002350000 40.8873657783
-122.5751880000 40.7662474729
-122.2817760000 40.7681523101
06
13
-123.1261140000 40.7788957103
-123.1729280000 40.8381664728
-123.1691060000 40.8745624079
-123.1322710000 40.9091267989
-123.0952610000 40.9119143781
-123.0011060000 40.8488609826
-122.9546430000 40.8043085864
-122.9358670000 40.7608567535
-122.9450070000 40.7195563119
-123.0009160000 40.6818629857
-123.0406950000 40.6949962068
-123.0917970000 40.7727571959
-123.1261140000 40.7788957103
06
90
-121.4976350000 44.2950930901
-121.4934690000 44.2755912167
-121.4738080000 44.2667712617
-121.4827650000 44.2126937339
-121.4703900000 44.1698465330
-121.3790970000 44.1554769059
-121.3423000000 44.1153692291
-121.3754810000 44.0972416095
-121.3493650000 44.0681887723
-121.3677370000 43.9896326964
-121.4440990000 43.9608389334
-121.4366760000 43.9100274738
-121.4167250000 43.9099071082
-121.4045100000 43.9096833856
-121.4048390000 43.8746744733
-121.3805770000 43.8534644510
-121.3720630000 43.8239122343
-121.3670040000 43.8129584719
-121.3961260000 43.7794677437
-121.4095610000 43.7320370243
-121.4194790000 43.7320866412
-121.4102860000 43.6924580500
-121.4205700000 43.6196589882
-121.4110870000 43.6194307773
-121.4110030000 43.6007325070
-121.4300000000 43.5964366306
-121.4116900000 43.5815767083
-121.4119340000 43.5483278036
-121.3663560000 43.5230501286
-121.3508450000 43.4850441444
-121.3408810000 43.4842589809
-121.2850110000 43.4256021476
-121.2858510000 43.4086720589
-121.2694170000 43.4101018589
-121.2682720000 43.4102007358
-121.2680280000 43.3912690982
-121.2192920000 43.3540913188
-121.2087100000 43.3214960709
-121.1387410000 43.2646108117
-121.1366120000 43.2375262922
-121.0766980000 43.1873074529
-121.0094760000 43.2422724733
-120.9499590000 43.2842497627
-120.9342880000 43.3546074990
-120.9229890000 43.3867439457
-120.8709870000 43.4206380680
-120.8404310000 43.3818509508
-120.8156890000 43.3818223375
-120.7924800000 43.3334660446
-120.7499240000 43.3462605662
-120.6804350000 43.2904743805
-120.6541210000 43.3288398224
-120.1471480000 43.3306895027
-120.1465990000 43.3680643391
-120.1277690000 43.3677470418
-120.1107560000 43.4120911272
-120.1008610000 43.5945410349
-120.1108630000 43.6326144991
-120.1635820000 43.6760149478
-120.2013020000 43.7421881772
-120.2096410000 43.8238468815
-120.2205050000 43.8234077121
-120.2468640000 43.8305588625
-120.2510450000 43.8523269416
-120.2751540000 43.8614993420
-120.3414230000 43.8672163900
-120.3792880000 43.8860295375
-120.4458920000 43.9426682665
-120.4449310000 43.9615576164
-120.4612050000 43.9805112167
-120.4825520000 43.9925398250
-120.5149310000 44.0371604833
-120.5767290000 44.0565351826
-120.5768280000 44.0848894176
-120.5851750000 44.0849497191
-120.7299500000 44.1248141071
-120.7965930000 44.1054992144
-120.7960050000 44.0747934154
-120.8146440000 44.0749336662
-120.8717800000 44.0265851982
-120.8718340000 43.9721801416
-120.9285280000 43.9645397548
-120.9461900000 44.0002127445
-120.9645540000 44.0002834658
-121.0415190000 44.0185301192
-121.0414890000 44.0383056034
-121.0614850000 44.0493815390
-121.0683900000 44.2963558741
-121.3278270000 44.2947974356
-121.4976350000 44.2950930901
06
59
-121.4464950000 45.2700880577
-122.4983750000 45.2690131309
-122.4454500000 45.2361445872
-122.4537510000 45.1658633280
-122.5384830000 45.1192789400
-122.5227890000 45.1016830960
-122.5289990000 45.0432113951
-122.5986630000 44.9943082479
-122.6114960000 44.9198342514
-122.6004640000 44.8938995542
-122.6657940000 44.7947741413
-122.6587980000 44.7447654369
-122.7173160000 44.6915724072
-122.7124250000 44.6432279526
-122.7521970000 44.6155087986
-122.7270740000 44.5640929037
-122.7354970000 44.5453352619
-122.7098690000 44.5384383896
-122.6944730000 44.4634062550
-122.7676390000 44.4389458594
-122.7938610000 44.3854757170
-122.8507310000 44.3664457076
-122.8487700000 44.3528974328
-122.8838880000 44.3324744109
-122.9028400000 44.2944058593
-122.9987560000 44.2586443882
-122.9995570000 44.2268179351
-123.0447310000 44.1655571807
-123.0657580000 44.1616577114
-123.0654680000 44.0867994243
-122.9781490000 44.1221478794
-122.9206620000 44.1125826448
-122.8761290000 44.1660229767
-122.7481610000 44.1895954565
-122.7324980000 44.1664835267
-122.6513370000 44.1410899352
-122.5419920000 44.2042265968
-122.5253750000 44.2277147234
-122.4450230000 44.2002807939
-122.3104100000 44.1972158956
-122.2285610000 44.2210474576
-122.1992190000 44.2062245055
-122.1936040000 44.2249994391
-122.1731410000 44.2076461724
-122.1886140000 44.2176930073
-122.0998310000 44.2541340136
-122.0904620000 44.2502621574
-122.0104900000 44.2700290514
-121.9411620000 44.2555472570
-121.8521120000 44.2910223442
-121.7368010000 44.2822021624
-121.6869200000 44.3045019877
-121.5958330000 44.2767591320
-121.4976350000 44.2950930901
-121.3278270000 44.2947974356
-121.3233800000 44.9018630701
-121.3319020000 44.9123123977
-121.3317950000 45.2706248617
-121.4464950000 45.2700880577
06
71
-119.2689820000 40.8073472142
-119.3089980000 40.8563658329
-119.5835880000 40.5812002135
-119.5852970000 40.4986303407
-119.6151500000 40.4986152161
-119.6152880000 40.4815826855
-119.6250760000 40.4568100435
-119.6511920000 40.4493559644
-119.6555250000 40.4017945083
-119.7618030000 40.4009005600
-119.7799840000 40.3826557941
-120.0520550000 40.1067289705
-120.2902910000 40.0682596974
-120.3428880000 40.0329351666
-120.3859330000 40.0322804823
-120.4836960000 39.9909667417
-120.5422210000 39.9323886574
-120.5445100000 39.9097471170
-120.5029140000 39.8771083851
-120.4502490000 39.7664714148
-120.4665370000 39.7391141664
-120.4549100000 39.7038877996
-120.3688510000 39.6388571007
-120.3691790000 39.6080963810
-120.3447340000 39.6088967437
-120.3466260000 39.6241448696
-120.2905960000 39.5809367132
-120.2737960000 39.5942615279
-120.2300800000 39.5888946776
-120.2162930000 39.6153510833
-120.1885830000 39.5984713265
-120.1707460000 39.6318391591
-120.0789410000 39.6587034650
-120.0253680000 39.6465188481
-119.9835210000 39.6782353206
-119.9369890000 39.6723527297
-119.8814850000 39.6982235916
-119.8171840000 39.6878496631
-119.7660830000 39.7756180910
-119.7342760000 39.8105268572
-119.7396550000 39.8406794838
-119.6953740000 39.8898472045
-119.6579900000 39.8949980635
-119.6577840000 39.9269877209
-119.6426770000 39.9315705418
-119.6259770000 39.9087099995
-119.6049120000 39.9661354827
-119.5614240000 39.9597676423
-119.5382770000 40.0107774896
-119.5689010000 40.0260461572
-119.5591280000 40.0575831775
-119.5248570000 40.0379257152
-119.5053410000 40.0651017814
-119.4802930000 40.0143599386
-119.4615020000 40.0595264405
-119.4339370000 40.0630392183
-119.4306950000 40.0816716610
-119.3860020000 40.0650578699
-119.3300860000 40.1378759816
-119.3372960000 40.1527017436
-119.3219600000 40.1906588360
-119.3346330000 40.2692804366
-119.3155750000 40.2860017836
-119.3250890000 40.2994396018
-119.3138350000 40.3169726345
-119.0223620000 40.6134469009
-119.0655820000 40.7385072197
-119.1250610000 40.8004974797
-119.1991120000 40.8036042660
-119.2167510000 40.7757467640
-119.2689820000 40.8073472142
06
52
-119.3089980000 40.8563658329
-119.3104860000 40.8747648791
-119.3515850000 40.8984317228
-119.3753200000 40.9356666097
-119.4005890000 40.9281794469
-119.4248890000 40.9671856252
-119.4501950000 40.9722500249
-119.4723970000 40.9579379143
-119.5029980000 40.9704765670
-119.5339970000 41.0145721948
-119.5779040000 41.0041780315
-119.5970690000 40.9622570297
-119.6471020000 40.9423616266
-119.6653060000 40.8880504796
-119.8078080000 40.8273201437
-119.8679120000 40.8493341297
-119.9006120000 40.8312423853
-119.9366910000 40.8372455927
-120.0250090000 40.8985469076
-120.0799790000 40.9205726078
-120.1270450000 40.8610079576
-120.1739650000 40.8837006233
-120.1889800000 40.8436489325
-120.2380830000 40.8403042650
-120.2593610000 40.8008793420
-120.2823410000 40.8150422250
-120.2862400000 40.7951680070
-120.3448330000 40.7905759265
-120.3097460000 40.7030230396
-120.3259430000 40.6932709380
-120.3526230000 40.7256003749
-120.3911900000 40.7367432426
-120.3941500000 40.7180339870
-120.3753050000 40.6983925279
-120.3876110000 40.6740008562
-120.3876720000 40.6735727893
-120.2788010000 40.4486593399
-120.2823100000 40.4082689613
-120.1827160000 40.2427647201
-120.1776350000 40.2052139284
-120.0883100000 40.1533283769
-120.0520550000 40.1067289705
-119.7799840000 40.3826557941
-119.7618030000 40.4009005600
-119.6555250000 40.4017945083
-119.6511920000 40.4493559644
-119.6250760000 40.4568100435
-119.6152880000 40.4815826855
-119.6151500000 40.4986152161
-119.5852970000 40.4986303407
-119.5835880000 40.5812002135
-119.3089980000 40.8563658329
06
27
-122.6122820000 40.9034923957
-122.5273820000 40.9042544317
-122.4722820000 40.9251470192
-122.4187850000 40.9518648921
-122.4322810000 41.0486712072
-122.4415820000 41.1006606825
-122.3474500000 41.2306980394
-122.5015870000 41.2803274848
-122.5579150000 41.3411453999
-122.5701980000 41.3749572977
-122.6331480000 41.3649985455
-122.7366030000 41.4007662343
-122.8993530000 41.5401707646
-122.9185330000 41.5318038020
-122.9627840000 41.5409342160
-123.0020600000 41.5141190580
-123.1345210000 41.5144108454
-123.0519640000 41.4120105058
-123.0197300000 41.3335530608
-123.0829470000 41.1571393543
-123.0741880000 41.0931323582
-123.0500870000 41.0717379881
-122.9680710000 41.0619093096
-122.8927610000 41.1055636168
-122.7667690000 40.9675390349
-122.6780170000 40.9448551270
-122.6122820000 40.9034923957
06
48
-122.4070890000 41.3356297645
-122.1966320000 41.3346111184
-122.2129820000 41.3718810129
-122.1961820000 41.4159090931
-122.2124790000 41.4538420185
-122.1946790000 41.4614836997
-122.2167820000 41.4735810287
-122.1930850000 41.4827540973
-122.2063830000 41.5381774088
-122.0751720000 41.5394022214
-122.0615770000 41.5558030197
-122.1260830000 41.6820452811
-122.1032940000 41.7913464563
-122.1403660000 41.9148753618
-122.1515200000 41.9345610470
-122.1684420000 41.9272217771
-122.1633760000 41.9627780309
-122.2215960000 42.0254648460
-122.2897570000 42.2089377860
-122.3518910000 42.2050580781
-122.3950580000 42.2409818461
-122.4032900000 42.2305179771
-122.3819890000 42.2018897294
-122.3734890000 42.1803252824
-122.3793870000 42.1612039278
-122.3979870000 42.1636419989
-122.4089890000 42.1281052039
-122.4363560000 42.0830263497
-122.4638900000 42.0369522129
-122.6273960000 41.9886585899
-122.6286010000 41.9312945259
-122.6463170000 41.8999228979
-122.6316990000 41.8629763747
-122.5443340000 41.7988742689
-122.5447310000 41.7688446526
-122.5248030000 41.7363801382
-122.4799580000 41.7088799099
-122.4974750000 41.6777014589
-122.4499890000 41.6146758773
-122.4572070000 41.6045752184
-122.4119950000 41.5625186656
-122.3946910000 41.5250508837
-122.4045940000 41.4955000846
-122.3576890000 41.4237996845
-122.3490830000 41.3837134363
-122.3683850000 41.3680606079
-122.3681410000 41.3388701764
-122.4070890000 41.3356297645
06
66
-123.0654680000 44.0867994243
-123.0440060000 44.0567252030
-122.9775540000 44.0253603180
-122.9719540000 43.9514206657
-122.9894100000 43.9008644552
-122.9685520000 43.8930706151
-122.9618380000 43.8283445717
-122.9723740000 43.8117365333
-122.9509580000 43.7838978683
-122.9516680000 43.7092474980
-122.9340130000 43.6829585261
-122.9101100000 43.6273859012
-122.9514850000 43.5887827905
-122.9599610000 43.5094696848
-122.9376530000 43.4484040154
-122.0464710000 43.4477428213
-122.0688400000 43.5019483142
-122.0443880000 43.5596908854
-121.7771000000 43.5660936803
-121.7510910000 43.5892247164
-121.7243040000 43.6699917890
-121.7035220000 43.6894954577
-121.6673510000 43.6896155256
-121.6460420000 43.6886445463
-121.6356430000 43.7113491753
-121.6361770000 43.7452021458
-121.5984570000 43.7867342567
-121.5958330000 43.8330464108
-121.5120930000 43.8428011991
-121.4566350000 43.8707877700
-121.4366760000 43.9100274738
-121.4440990000 43.9608389334
-121.3677370000 43.9896326964
-121.3493650000 44.0681887723
-121.3754810000 44.0972416095
-121.3423000000 44.1153692291
-121.3790970000 44.1554769059
-121.4703900000 44.1698465330
-121.4827650000 44.2126937339
-121.4738080000 44.2667712617
-121.4934690000 44.2755912167
-121.4976350000 44.2950930901
-121.5958330000 44.2767591320
-121.6869200000 44.3045019877
-121.7368010000 44.2822021624
-121.8521120000 44.2910223442
-121.9411620000 44.2555472570
-122.0104900000 44.2700290514
-122.0904620000 44.2502621574
-122.0998310000 44.2541340136
-122.1886140000 44.2176930073
-122.1731410000 44.2076461724
-122.1936040000 44.2249994391
-122.1992190000 44.2062245055
-122.2285610000 44.2210474576
-122.3104100000 44.1972158956
-122.4450230000 44.2002807939
-122.5253750000 44.2277147234
-122.5419920000 44.2042265968
-122.6513370000 44.1410899352
-122.7324980000 44.1664835267
-122.7481610000 44.1895954565
-122.8761290000 44.1660229767
-122.9206620000 44.1125826448
-122.9781490000 44.1221478794
-123.0654680000 44.0867994243
06
43
-121.0221630000 42.9203935860
-121.0352100000 43.0799279604
-121.0578610000 43.1110157930
-121.0232700000 43.1459007779
-121.0094760000 43.2422724733
-121.0766980000 43.1873074529
-121.1408920000 43.1331931297
-121.1592030000 43.0893832092
-121.3036650000 43.0865636419
-121.3148120000 43.0319721839
-121.3441240000 43.0006435269
-121.3340230000 42.9658898230
-121.3633350000 42.9364865267
-121.3724060000 42.8867650287
-121.4063110000 42.8543437094
-121.5631410000 42.8088299395
-121.6091230000 42.8275696498
-121.6238560000 42.7968700397
-121.6324690000 42.7658217407
-121.6215440000 42.7550596451
-121.6359180000 42.7531972039
-121.6135560000 42.6916871353
-121.6285710000 42.6795258922
-121.6131210000 42.6611019361
-121.6022030000 42.5450839840
-121.5875780000 42.5459782728
-121.6102520000 42.4887537920
-121.6001820000 42.4316875641
-121.5798260000 42.4255758612
-121.5789490000 42.3147998050
-121.5449520000 42.3766339768
-121.4911120000 42.4033589218
-121.4148940000 42.4112370412
-121.3115540000 42.4824257827
-121.2795330000 42.4600533486
-121.2788540000 42.7124513609
-121.2601320000 42.7502615475
-121.2633670000 42.7698326665
-121.2171630000 42.7837295417
-121.1938100000 42.8411560739
-121.1576920000 42.8441683741
-121.1270980000 42.9058533971
-121.0221630000 42.9203935860
06
34
-122.1032940000 41.7913464563
-122.1260830000 41.6820452811
-122.0615770000 41.5558030197
-122.0751720000 41.5394022214
-122.2063830000 41.5381774088
-122.1930850000 41.4827540973
-122.2167820000 41.4735810287
-122.1946790000 41.4614836997
-122.2124790000 41.4538420185
-122.1961820000 41.4159090931
-122.2129820000 41.3718810129
-122.1966320000 41.3346111184
-122.4070890000 41.3356297645
-122.3474500000 41.2306980394
-122.2017750000 41.2114678652
-122.1502460000 41.1782042314
-122.0612560000 41.2165201636
-121.9831540000 41.2231248895
-121.9085690000 41.1948320211
-121.8624650000 41.2215117689
-121.8417430000 41.2347249404
-121.7987590000 41.2138758646
-121.7100220000 41.2490313781
-121.6854480000 41.3407575015
-121.6120070000 41.3921739091
-121.5928880000 41.5358195946
-121.6943210000 41.5372878048
-121.6949620000 41.8088939889
-121.7114720000 41.8225531914
-121.7962190000 41.8098399048
-121.9431230000 41.8170713698
-122.0173340000 41.7608619171
-122.0578310000 41.7965378971
-122.1032940000 41.7913464563
06
29
-121.2154080000 39.8286618415
-121.2345430000 39.7862642605
-121.2220610000 39.7658798441
-121.1887970000 39.7686000994
-121.1414110000 39.6733922776
-120.9187320000 39.5526466685
-120.5422210000 39.9323886574
-120.4836960000 39.9909667417
-120.3859330000 40.0322804823
-120.3428880000 40.0329351666
-120.2902910000 40.0682596974
-120.0520550000 40.1067289705
-120.0883100000 40.1533283769
-120.1776350000 40.2052139284
-120.1827160000 40.2427647201
-120.2823100000 40.4082689613
-120.2788010000 40.4486593399
-120.3876720000 40.6735727893
-120.9936450000 40.3643000247
-120.9735410000 40.3475597765
-120.9717410000 40.3030229236
-121.2268070000 40.0460787215
-121.2189330000 40.0280602597
-121.2452010000 39.9885322143
-121.2083820000 39.9535004795
-121.2484590000 39.9191167590
-121.2354130000 39.8904019761
-121.2448040000 39.8541495055
-121.2154080000 39.8286618415
06
22
-120.2139820000 38.3730167044
-120.1941450000 38.3729279441
-119.5381160000 38.3733742119
-119.5296250000 38.9666054173
-119.4923480000 38.9661179738
-119.4747390000 38.9661266560
-119.4749370000 39.1293751666
-119.5245210000 39.1307455512
-119.5285030000 39.2353074916
-119.5730440000 39.2394020767
-119.6663670000 39.1524916733
-119.6703640000 39.1650512626
-119.7461930000 39.1492544823
-119.7522510000 39.1322190781
-119.9593050000 39.1302622493
-119.9591600000 38.8715730110
-120.3150710000 38.5184808578
-120.2781520000 38.5179907162
-120.2439580000 38.4827588204
-120.2591860000 38.4420904231
-120.2203140000 38.4099590577
-120.2139820000 38.3730167044
06
37
-122.3737790000 40.9902423936
-122.2656250000 41.0163122722
-122.2162780000 40.9713658253
-122.1814800000 40.9089394441
-122.0379710000 40.8753976045
-121.9977720000 40.8376946471
-122.0107730000 40.8274504187
-122.0010680000 40.8070917786
-121.9606480000 40.7813355528
-121.5566860000 40.9098711579
-121.5361100000 40.9493281449
-121.5793690000 40.9597744639
-121.5613330000 41.0721298380
-121.5765150000 41.0825797755
-121.5667340000 41.0882211998
-121.5812150000 41.1093085416
-121.5710370000 41.1420919447
-121.5817180000 41.1492092083
-121.5600660000 41.1613331619
-121.5766070000 41.1914556891
-121.5843280000 41.1789596293
-121.5812910000 41.2570043523
-121.6792680000 41.2510960268
-121.6814730000 41.2154355093
-121.7006680000 41.1944498126
-121.7831420000 41.1612074972
-121.8283690000 41.1735018590
-121.8624650000 41.2215117689
-121.9085690000 41.1948320211
-121.9831540000 41.2231248895
-122.0612560000 41.2165201636
-122.1502460000 41.1782042314
-122.2017750000 41.2114678652
-122.3474500000 41.2306980394
-122.4415820000 41.1006606825
-122.4322810000 41.0486712072
-122.3737790000 40.9902423936
06
81
-121.9083020000 42.8073993204
-121.6312790000 42.8087407675
-121.6238560000 42.7968700397
-121.6091230000 42.8275696498
-121.5631410000 42.8088299395
-121.4063110000 42.8543437094
-121.3724060000 42.8867650287
-121.3633350000 42.9364865267
-121.3340230000 42.9658898230
-121.3441240000 43.0006435269
-121.3148120000 43.0319721839
-121.3036650000 43.0865636419
-121.1592030000 43.0893832092
-121.1408920000 43.1331931297
-121.0766980000 43.1873074529
-121.1366120000 43.2375262922
-121.1387410000 43.2646108117
-121.2087100000 43.3214960709
-121.2192920000 43.3540913188
-121.2680280000 43.3912690982
-121.2682720000 43.4102007358
-121.2694170000 43.4101018589
-121.2858510000 43.4086720589
-121.2850110000 43.4256021476
-121.3408810000 43.4842589809
-121.3508450000 43.4850441444
-121.3663560000 43.5230501286
-121.4119340000 43.5483278036
-121.4116900000 43.5815767083
-121.4300000000 43.5964366306
-121.4110030000 43.6007325070
-121.4110870000 43.6194307773
-121.4205700000 43.6196589882
-121.4102860000 43.6924580500
-121.4194790000 43.7320866412
-121.4095610000 43.7320370243
-121.3961260000 43.7794677437
-121.3670040000 43.8129584719
-121.3720630000 43.8239122343
-121.3805770000 43.8534644510
-121.4048390000 43.8746744733
-121.4045100000 43.9096833856
-121.4167250000 43.9099071082
-121.4366760000 43.9100274738
-121.4566350000 43.8707877700
-121.5120930000 43.8428011991
-121.5958330000 43.8330464108
-121.5984570000 43.7867342567
-121.6361770000 43.7452021458
-121.6356430000 43.7113491753
-121.6460420000 43.6886445463
-121.6673510000 43.6896155256
-121.7035220000 43.6894954577
-121.7243040000 43.6699917890
-121.7510910000 43.5892247164
-121.7771000000 43.5660936803
-122.0443880000 43.5596908854
-122.0688400000 43.5019483142
-122.0464710000 43.4477428213
-122.0264970000 43.4509902682
-122.0326390000 43.4239743156
-121.9771650000 43.3634662390
-121.9647520000 43.3750243556
-121.9640350000 43.3449357896
-121.9472660000 43.3612986079
-121.9420700000 43.3137084519
-121.9965210000 43.2815189145
-121.9672160000 43.2611077409
-121.9914860000 43.2459670068
-121.9794010000 43.2121336138
-122.0031430000 43.1578123420
-121.9910660000 43.1464987833
-122.0022350000 43.1397639932
-121.9973070000 43.1140228550
-121.9737090000 43.0989522475
-121.8753130000 43.1087310637
-121.8565290000 43.1087855230
-121.8760830000 43.0761456204
-121.8707890000 42.9958323702
-121.8900380000 42.9108279535
-121.9083020000 42.8073993204
06
48
-117.6329960000 38.3828511016
-117.9244610000 38.3839557916
-117.9231190000 38.3699841071
-118.0080410000 38.3728761673
-119.5381160000 38.3733742119
-120.1941450000 38.3729279441
-120.1939540000 38.1619376642
-120.0877990000 38.1578081889
-120.0866320000 38.0530743738
-120.0009770000 37.9790217500
-119.9973910000 37.9444379370
-119.8893430000 37.9422973328
-119.8800430000 37.9423120616
-119.8798980000 37.8495030091
-119.8801730000 37.8344568836
-119.8190230000 37.8341099093
-119.8093490000 37.8340302157
-119.8094480000 37.7273350884
-119.6746600000 37.7258494949
-119.6666640000 37.7257833602
-119.6670530000 37.6190650151
-119.5543590000 37.6248371927
-119.5607990000 37.5146645137
-119.4972760000 37.5164170487
-119.4801480000 37.4988478731
-119.4727550000 37.2842079763
-119.4423520000 37.2843335647
-119.3822860000 37.2783615854
-119.3824540000 37.2580012512
-119.2790990000 37.2580012512
-119.2781980000 37.2339072562
-119.2509460000 37.2309410043
-119.2436450000 37.1831213891
-118.9767910000 37.1757839746
-118.9767230000 37.1687832365
-118.9767230000 37.1495507711
-118.8818970000 37.1494996290
-118.8896710000 37.1693678306
-118.8944630000 37.1825452414
-117.6672900000 37.1883580295
-117.6320110000 37.1880461865
-117.6338040000 38.2025183344
-117.6258930000 38.2033822491
-117.6162340000 38.2330848585
-117.6506500000 38.2391995507
-117.6520390000 38.2702319111
-117.6408000000 38.2752023341
-117.6329960000 38.3828511016
06
37
-122.8853530000 43.1650480059
-122.7511060000 43.1662001610
-122.7356410000 43.1657706960
-122.7390590000 42.9100128579
-122.1360090000 42.9128954831
-122.1360470000 42.9243764381
-122.1356280000 42.9504245865
-122.0083770000 42.9464004610
-122.0083540000 42.9107839640
-121.8900380000 42.9108279535
-121.8707890000 42.9958323702
-121.8760830000 43.0761456204
-121.8565290000 43.1087855230
-121.8753130000 43.1087310637
-121.9737090000 43.0989522475
-121.9973070000 43.1140228550
-122.0022350000 43.1397639932
-121.9910660000 43.1464987833
-122.0031430000 43.1578123420
-121.9794010000 43.2121336138
-121.9914860000 43.2459670068
-121.9672160000 43.2611077409
-121.9965210000 43.2815189145
-121.9420700000 43.3137084519
-121.9472660000 43.3612986079
-121.9640350000 43.3449357896
-121.9647520000 43.3750243556
-121.9771650000 43.3634662390
-122.0326390000 43.4239743156
-122.0264970000 43.4509902682
-122.0464710000 43.4477428213
-122.9376530000 43.4484040154
-122.9379580000 43.3855876556
-122.9133830000 43.3833544582
-122.9128270000 43.3385786943
-122.8936540000 43.3323403389
-122.8853530000 43.1650480059
