5
Hawaii County
-155.3931590000 20.0829172867
Kauai County
-159.4776010000 22.5611141382
Honolulu County
-158.0358610000 21.9437106825
Kalawao County
-156.9709830000 21.6886089772
Maui County
-156.6158390000 21.3806294390
17
15
18
-160.0000000000 22.5552977224
-160.0215150000 22.4968319931
-160.0281370000 22.4266574816
-160.1084440000 22.3752726824
-160.1383670000 22.3504208852
-160.1602480000 22.2920178990
-160.1979980000 22.2703013008
-160.2710720000 22.2942422677
-160.3015290000 22.3503314898
-160.2883150000 22.4514935686
-160.2729800000 22.4843785184
-160.1890110000 22.5490436774
-160.1734160000 22.5542095282
-160.1516720000 22.6267720506
-160.1250000000 22.6472959415
-160.0751500000 22.6444783289
-160.0271760000 22.6033304983
-160.0000000000 22.5552977224
15
19
-159.6729430000 22.4266574816
-159.6312560000 22.3961507725
-159.4495240000 22.3646397333
-159.3201140000 22.4517673203
-159.2928160000 22.4843990002
-159.2809140000 22.5708180041
-159.2450260000 22.6710896329
-159.2439120000 22.7202698676
-159.2823180000 22.8023958300
-159.3087920000 22.8312875402
-159.3896790000 22.8718163183
-159.5613400000 22.8669163253
-159.5963900000 22.8615431588
-159.7634120000 22.7662076696
-159.8005520000 22.6975231528
-159.8377230000 22.6630759662
-159.8509520000 22.5906968357
-159.8086090000 22.5106266475
-159.6729430000 22.4266574816
15
9
-160.5907440000 22.1574954552
-160.5707240000 22.1377735034
-160.5203700000 22.1359084643
-160.4915310000 22.1574954552
-160.4877930000 22.2150869077
-160.5000000000 22.2349930340
-160.5503080000 22.2511806861
-160.5918730000 22.2229750112
-160.5907440000 22.1574954552
15
25
-166.1132660000 24.4608914165
-166.1425930000 24.4984464342
-166.1823430000 24.6274077857
-166.2330630000 24.6560323488
-166.2883610000 24.6565618599
-166.3750000000 24.6120329670
-166.3865360000 24.5662093560
-166.3750000000 24.5424422474
-166.3225710000 24.5144909267
-166.3135680000 24.5196114259
-166.3197020000 24.4608914165
-166.3026120000 24.4375854125
-166.2859950000 24.4260670964
-166.2314910000 24.4320626214
-166.2148130000 24.4026564903
-166.2054140000 24.3971033838
-166.2298740000 24.3564658109
-166.2110600000 24.2968995658
-166.1944120000 24.2856828478
-166.1722110000 24.2830192928
-166.1167760000 24.3093885971
-166.1131290000 24.3374699825
-166.1307530000 24.3855348335
-166.1134950000 24.4031599390
-166.1132660000 24.4608914165
15
35
-158.1913450000 21.8689215397
-158.2248990000 21.8849338197
-158.2942960000 22.0150683833
-158.3040920000 22.0230893072
-158.3014070000 22.0530797958
-158.3314060000 22.0759777421
-158.3473970000 22.1159773892
-158.3224950000 22.1526558966
-158.1897580000 22.1690662575
-158.1250000000 22.2047135323
-158.1250000000 22.1894463472
-158.0982970000 22.2448679464
-158.0267940000 22.2920178990
-158.0000000000 22.2920178990
-158.0000000000 22.3079746308
-157.9578250000 22.3047809992
-157.8874970000 22.2501419994
-157.8501890000 22.1678226454
-157.7646790000 22.0548857938
-157.7500000000 22.0398568720
-157.7092290000 22.0475576566
-157.6616060000 22.0208322724
-157.6455990000 21.9967592610
-157.6522980000 21.9645233451
-157.6000370000 21.8231357518
-157.6036680000 21.7933533590
-157.6678160000 21.7257659788
-157.7427060000 21.7224544138
-157.7940980000 21.7061014262
-157.8480530000 21.7118486465
-157.9006960000 21.7567695365
-157.9640960000 21.7655681099
-158.1250000000 21.7458374549
-158.1567990000 21.7651378268
-158.1913450000 21.8689215397
15
10
-161.8750000000 23.6656175384
-161.9319000000 23.6495987350
-161.9551700000 23.6537868790
-161.9760590000 23.6716000501
-161.9875490000 23.7198069796
-161.9825290000 23.7430157414
-161.9194340000 23.7677112343
-161.8677060000 23.7428809414
-161.8588870000 23.7178505290
-161.8750000000 23.6656175384
15
9
-167.9463350000 25.8332534928
-167.9667660000 25.7834859353
-167.9835360000 25.7772851610
-168.0503390000 25.8051059332
-168.0546570000 25.8501119490
-168.0222320000 25.8847689660
-167.9889370000 25.8873838878
-167.9620060000 25.8699082505
-167.9463350000 25.8332534928
15
11
-171.7500000000 26.6192438333
-171.6998440000 26.6265559173
-171.6804810000 26.6486389158
-171.6776730000 26.6633466846
-171.6766200000 26.7309860215
-171.6882780000 26.7452741634
-171.7500000000 26.7560485067
-171.7869720000 26.7436444237
-171.8096310000 26.6981564994
-171.8013460000 26.6633466846
-171.7500000000 26.6192438333
15
10
-174.0000000000 26.9332787875
-174.0431060000 26.9412024983
-174.0674590000 26.9996104681
-174.0524750000 27.0669737419
-174.0189060000 27.0903708210
-173.9695430000 27.0919180033
-173.9260560000 27.0717036067
-173.9038240000 27.0154998212
-173.9131470000 26.9812589705
-174.0000000000 26.9332787875
15
10
-164.7500000000 24.2328116539
-164.7012940000 24.2065622202
-164.6638790000 24.2174935384
-164.6400150000 24.2710399094
-164.6446080000 24.2911486919
-164.6687620000 24.3152504365
-164.7097930000 24.3224637426
-164.7580870000 24.2959621685
-164.7649080000 24.2697742712
-164.7500000000 24.2328116539
15
15
-178.4157260000 29.6114856713
-178.4114840000 29.5951897879
-178.3956150000 29.5738740183
-178.3014070000 29.5584625134
-178.2500000000 29.5798380546
-178.2388610000 29.5966887036
-178.2322240000 29.6709828176
-178.2384640000 29.7037519985
-178.2888340000 29.7536382552
-178.2915190000 29.7618404694
-178.3606260000 29.7693638309
-178.4275820000 29.7150732814
-178.4383390000 29.6900332104
-178.4435880000 29.6614871774
-178.4157260000 29.6114856713
15
20
-175.7400360000 29.1860281295
-175.7999110000 29.1952804450
-175.9663390000 29.1066732121
-175.9921420000 29.0609431845
-175.9888760000 29.0297247178
-175.9254460000 28.9862169734
-175.9210210000 28.9839634638
-176.0000000000 28.9942419745
-176.0366360000 28.9677977521
-176.0429230000 28.9353144737
-176.0000000000 28.8649050935
-175.9696040000 28.8392746996
-175.9394840000 28.8334359801
-175.8649440000 28.8631451772
-175.8450470000 28.8788712262
-175.7461090000 28.8836862546
-175.6655880000 29.0445388096
-175.6647950000 29.0891378217
-175.6701350000 29.1199050756
-175.7400360000 29.1860281295
15
40
-156.0128630000 19.8877318526
-155.9432070000 19.7225595626
-155.9738770000 19.5089684574
-155.9578860000 19.4246037759
-155.9259340000 19.3667427386
-155.7474670000 19.2747756799
-155.6950380000 19.2175323321
-155.6250000000 19.2353790579
-155.5574650000 19.2983108741
-155.4959410000 19.4314969178
-155.2731780000 19.5843341337
-155.1820980000 19.5803100243
-154.9499360000 19.6832114043
-154.7935640000 19.8162147703
-154.7558290000 19.9083602346
-154.7716830000 19.9434492504
-154.8782650000 20.0127921436
-154.9202580000 20.0673736689
-154.9587250000 20.1675315306
-154.9845120000 20.1901300911
-155.0299990000 20.1978882159
-155.0346220000 20.2860146888
-155.1410060000 20.4070254269
-155.2500000000 20.4847388560
-155.3942570000 20.5579586824
-155.5368040000 20.6096670419
-155.5787660000 20.6108027568
-155.7413180000 20.7278625285
-155.8609470000 20.7601723294
-155.9241790000 20.7318585272
-155.9581300000 20.6649958326
-155.9478150000 20.5520593989
-155.8863530000 20.4423062455
-155.9599300000 20.3288119545
-156.0080870000 20.3048793246
-156.0906220000 20.2287573868
-156.1179200000 20.1475995642
-156.0857390000 20.0314172330
-156.0339360000 19.9877927249
-156.0128630000 19.8877318526
15
15
-157.0381470000 21.2190478473
-157.0000000000 21.1622702973
-156.8878170000 21.1536576804
-156.8169860000 21.1867487908
-156.7823030000 21.2190478473
-156.7500000000 21.3011038816
-156.8475650000 21.4343893553
-156.9762270000 21.4694906680
-157.0645600000 21.4549103251
-157.0888370000 21.4420542933
-157.1161800000 21.3825433914
-157.1126710000 21.3527737367
-157.0752110000 21.3017297788
-157.0480650000 21.2945037557
-157.0381470000 21.2190478473
15
41
-156.3467560000 21.4866109331
-156.4318080000 21.4571860734
-156.4602970000 21.4618426231
-156.4831390000 21.5173021841
-156.5853120000 21.5841984946
-156.6559450000 21.5742814348
-156.6983640000 21.5396349817
-156.7463990000 21.4523625963
-156.7394560000 21.3527737367
-156.6693730000 21.2605904946
-156.6250000000 21.2330389428
-156.6250000000 21.2190478473
-156.5126500000 21.2031846091
-156.5000000000 21.1683112676
-156.4957280000 21.1565876505
-156.5494380000 21.1210029445
-156.5922700000 21.1211290532
-156.7216950000 21.0498857454
-156.7533420000 21.0022551568
-156.7500000000 20.9519267111
-156.7500000000 20.9031805194
-156.5460660000 20.9101308700
-156.4914700000 20.9493879557
-156.4845730000 21.0360439478
-156.4367370000 20.9985323667
-156.3750000000 20.9854819131
-156.3035580000 20.9904174910
-156.2100220000 21.0267757920
-156.1438450000 21.0263987535
-156.0198970000 21.0696837607
-155.9669490000 21.1173137742
-155.9328000000 21.1790414670
-155.9269560000 21.2372751160
-155.9509580000 21.3387850910
-155.9589840000 21.3527737367
-156.0000000000 21.3527737367
-156.0000000000 21.3282914621
-156.0764770000 21.3589288694
-156.1952970000 21.4560883555
-156.2627720000 21.4890135294
-156.3467560000 21.4866109331
15
29
-156.8767700000 21.7362793426
-156.9208070000 21.6611187675
-156.8960270000 21.6456674011
-156.9039920000 21.6271856384
-156.9196780000 21.6259956229
-156.9425960000 21.6580755550
-156.9561160000 21.6545412983
-156.9629970000 21.6795562212
-156.9645230000 21.6573849962
-157.0145570000 21.6854150896
-157.0150600000 21.7666336289
-157.0311280000 21.7487611145
-157.2202150000 21.7852003519
-157.2922970000 21.7713990442
-157.3144680000 21.7336294800
-157.3154450000 21.7007491260
-157.3634800000 21.6205602601
-157.3584290000 21.5761912755
-157.3013150000 21.5376645041
-157.2786250000 21.5359072744
-157.0670780000 21.5444664515
-156.8750000000 21.4798585776
-156.7465360000 21.5365308744
-156.6577150000 21.6097351148
-156.6539000000 21.6537499616
-156.6673740000 21.6936369603
-156.6967770000 21.7163152753
-156.7838900000 21.7347216042
-156.8767700000 21.7362793426
15
15
-156.8767700000 21.7362793426
-156.9116360000 21.7370281783
-156.9369960000 21.7679802922
-156.9788060000 21.7810386922
-157.0150600000 21.7666336289
-157.0145570000 21.6854150896
-156.9645230000 21.6573849962
-156.9629970000 21.6795562212
-156.9561160000 21.6545412983
-156.9425960000 21.6580755550
-156.9196780000 21.6259956229
-156.9039920000 21.6271856384
-156.8960270000 21.6456674011
-156.9208070000 21.6611187675
-156.8767700000 21.7362793426
