20
Jefferson County
-85.7040210000 41.4035876736
Franklin County
-84.8683930000 41.3964814251
Kenton County
-84.5393470000 42.4499157197
Greenup County
-82.8582210000 41.8603902523
Fayette County
-84.4946420000 41.1752931505
Boyd County
-82.6645830000 41.6790493877
Jessamine County
-84.5871090000 40.9844675320
Madison County
-84.2722400000 40.7573482127
Christian County
-87.4819890000 39.6950941732
Pike County
-82.4111150000 40.4395369310
Warren County
-86.4245500000 39.8607907108
Pulaski County
-84.6003310000 39.9956190941
Bullitt County
-85.6720520000 41.1442608249
Daviess County
-87.1050970000 40.8217855220
Hardin County
-85.9149260000 40.8069590029
Floyd County
-82.7489210000 40.5961500561
Graves County
-88.6465690000 39.5417919099
Oldham County
-85.4476720000 41.6234407113
McCracken County
-88.6511110000 39.9519628884
Hopkins County
-87.5436520000 40.2588917559
121
21
18
-87.6806720000 40.0645372067
-87.7121430000 39.9027229960
-87.7335050000 39.8797391566
-87.6599730000 39.8354376930
-87.6940540000 39.4238476687
-87.3358540000 39.4293722883
-87.2595520000 39.9671306138
-87.2787400000 39.9693728303
-87.2843700000 40.0119060028
-87.3037490000 40.0123122709
-87.3340610000 40.0420698635
-87.3335490000 40.0738644103
-87.3602680000 40.0732809627
-87.3564830000 40.0560464095
-87.3729780000 40.0451843652
-87.4852220000 40.0359741148
-87.5213620000 40.0090646828
-87.6806720000 40.0645372067
21
31
-86.1667710000 39.7944858030
-86.1880260000 39.7792304754
-86.2009510000 39.7963336209
-86.2102660000 39.7587862833
-86.2251210000 39.7672543450
-86.2399060000 39.7450858983
-86.2676470000 39.7427964402
-86.2631840000 39.7189123264
-86.4057460000 39.5973427028
-86.4115070000 39.4409347644
-85.9765090000 39.4134087130
-85.9509200000 39.4574314959
-85.9768300000 39.5305042156
-86.0010220000 39.5740515793
-86.0519260000 39.5935998622
-86.0346220000 39.6028336324
-86.0519260000 39.6195006207
-86.0466000000 39.6358033149
-86.0705180000 39.6344357000
-86.0557250000 39.6639892785
-86.0775830000 39.6937844471
-86.0776600000 39.7426051335
-86.0644680000 39.7489784784
-86.0966260000 39.7532001002
-86.1080550000 39.7355183037
-86.1006390000 39.7073199832
-86.1246410000 39.7461825070
-86.1465530000 39.7469790254
-86.1357960000 39.7920187654
-86.1673580000 39.7619340483
-86.1667710000 39.7944858030
21
35
-83.4528500000 41.6233667214
-83.4035490000 41.6357914706
-83.3637160000 41.5548788280
-83.3413160000 41.5440314206
-83.2313610000 41.5690690577
-83.2371290000 41.6801063002
-83.2081300000 41.6987536083
-83.2140660000 41.7152989603
-83.1871260000 41.7338844226
-83.1886600000 41.7685469486
-83.1663590000 41.7794271883
-83.0709230000 41.8959308674
-83.0738910000 41.9445507696
-83.0504910000 41.9538745530
-83.0506590000 41.9840953465
-83.0243000000 42.0082525078
-83.0380780000 42.0301044669
-83.0308610000 42.0630741954
-83.0519560000 42.0263399622
-83.1095500000 41.9966329642
-83.1385730000 41.9384369917
-83.1970900000 41.9241462164
-83.2426380000 41.9386187606
-83.2933430000 41.8980151463
-83.3495180000 41.9667780915
-83.4651340000 41.9981956437
-83.5174480000 42.0334475484
-83.6265640000 42.0042109274
-83.6465610000 41.9485461950
-83.6249160000 41.9172966487
-83.6419680000 41.8067772177
-83.5844190000 41.7513686269
-83.5807650000 41.6860471909
-83.5272830000 41.6690642048
-83.4528500000 41.6233667214
21
44
-82.5635450000 40.7384693115
-82.6143040000 40.7208335678
-82.5983510000 40.6852398881
-82.6241300000 40.5133767149
-82.5988690000 40.5099391751
-82.5883870000 40.4385594925
-82.6187970000 40.3641552873
-82.6647950000 40.3428699688
-82.6473310000 40.3210560507
-82.6721950000 40.2632844582
-82.7107930000 40.2350887193
-82.7327040000 40.2177581056
-82.6995540000 40.1964278375
-82.7050480000 40.1813955000
-82.6829150000 40.1637531985
-82.6296160000 40.1878410479
-82.5653310000 40.1230575606
-82.3240810000 40.2330073698
-81.9649730000 40.5595668921
-82.0139690000 40.5476367016
-82.0441440000 40.5652878670
-82.0468980000 40.5409647783
-82.0760120000 40.5759689610
-82.1337890000 40.5726640999
-82.1440120000 40.5931687289
-82.1248550000 40.6044838911
-82.1824420000 40.6617089171
-82.1752620000 40.6920180540
-82.1914750000 40.6864396395
-82.1884540000 40.6648161571
-82.2156520000 40.6645800487
-82.2402570000 40.7094071041
-82.3044740000 40.7278695260
-82.2971500000 40.7618021609
-82.3333510000 40.8098358519
-82.3759380000 40.8075735663
-82.4131550000 40.7726168845
-82.3864140000 40.7532685618
-82.4048160000 40.7212719574
-82.4206390000 40.7319859769
-82.4567260000 40.7186403873
-82.4665990000 40.7362138032
-82.5220180000 40.7506891715
-82.5635450000 40.7384693115
21
42
-86.6387630000 40.7094172098
-86.6407390000 40.6559202050
-86.5929410000 40.5867585017
-86.5700230000 40.6055387638
-86.5756910000 40.6294595417
-86.5380020000 40.6167443630
-86.5230640000 40.6317604474
-86.5413360000 40.6306434346
-86.5100400000 40.6603125233
-86.4958040000 40.6490184058
-86.5048750000 40.6339616956
-86.4820180000 40.6454269440
-86.4699550000 40.6299934276
-86.4806520000 40.6237018450
-86.4550250000 40.6212219288
-86.4658580000 40.6096637326
-86.4454420000 40.6186461666
-86.4467470000 40.6005042508
-86.4325490000 40.6119603677
-86.4100040000 40.5899540986
-86.3851930000 40.5988627297
-86.3742220000 40.5796221030
-86.3657990000 40.5959797281
-86.3460920000 40.5823456531
-86.3525770000 40.6151656554
-86.3435520000 40.6242066706
-86.3110280000 40.6045760028
-86.3010790000 40.6247607198
-86.3026200000 40.6137800491
-86.2754900000 40.6231957601
-86.1515580000 40.8828653526
-86.4908520000 41.1958148500
-86.5228730000 41.1814924787
-86.5251310000 41.0979663984
-86.5066220000 41.0498020970
-86.5332110000 41.0327172340
-86.5875400000 41.0383556406
-86.6041640000 40.9588853161
-86.6552960000 40.9380333009
-86.6761780000 40.8832133811
-86.6228410000 40.7028979901
-86.6387630000 40.7094172098
21
18
-84.2319180000 42.2544461456
-84.3136830000 42.4373479153
-84.3363340000 42.4577952951
-84.4257580000 42.4838268180
-84.4358520000 42.5477578566
-84.4620440000 42.5723096195
-84.5061040000 42.5378874695
-84.4890060000 42.4432493156
-84.4507450000 42.4072174811
-84.4629970000 42.3744461588
-84.4264370000 42.3882093213
-84.4623870000 42.3478286994
-84.4390560000 42.2911783451
-84.4633870000 42.2215486167
-84.4477920000 42.1810850860
-84.4226460000 42.1904509536
-84.4181440000 42.1669309315
-84.2319180000 42.2544461456
21
19
-83.9039690000 42.1176645084
-83.9624400000 42.1423021003
-84.0744780000 42.1216957070
-84.2081530000 42.1633083643
-84.2304080000 42.1935945167
-84.2081530000 41.9077283305
-84.1954960000 41.8885614209
-84.2054440000 41.8793964966
-84.2126010000 41.8411309175
-84.1617970000 41.8432037238
-84.1247480000 41.8542782374
-84.0838390000 41.9132744296
-84.0588990000 41.8913325705
-84.0464550000 41.9040916841
-84.0522230000 41.8912455710
-84.0340120000 41.8979997923
-84.0339580000 41.8807678509
-83.9915160000 41.8941690553
-83.9039690000 42.1176645084
21
26
-85.0642550000 39.7006457118
-85.0042190000 39.5717761989
-85.0201870000 39.4947122899
-84.9986500000 39.4575736139
-84.9987720000 39.4084992945
-84.9746320000 39.3969830825
-84.7780380000 39.3817037746
-84.6738740000 39.5521712245
-84.6753230000 39.5781319225
-84.6341090000 39.5885463858
-84.6231610000 39.6192908294
-84.5815430000 39.6316680572
-84.5777360000 39.6580226145
-84.5954440000 39.6752652417
-84.5726390000 39.6836359278
-84.5918430000 39.7033816068
-84.5781400000 39.7108822853
-84.5842440000 39.7446370052
-84.6030430000 39.7260079247
-84.6784520000 39.8516471244
-84.7669450000 39.8256933344
-84.8351590000 39.8739893684
-84.9080510000 39.8090478794
-84.9467470000 39.8256883285
-84.9619520000 39.7715142980
-85.0642550000 39.7006457118
21
11
-84.9746320000 39.3969830825
-84.9987720000 39.4084992945
-84.9986500000 39.4575736139
-85.0201870000 39.4947122899
-85.0042190000 39.5717761989
-85.0642550000 39.7006457118
-85.1188740000 39.6616105638
-85.2339020000 39.7350169442
-85.2154770000 39.6951291662
-85.2960740000 39.4098013873
-84.9746320000 39.3969830825
21
13
-84.6234440000 42.5111036624
-84.7452470000 42.6054373102
-84.8952030000 42.4939759546
-84.8301540000 42.3810354957
-84.8772430000 42.2990660501
-84.7881390000 42.2660059890
-84.7950820000 42.2320756666
-84.7612760000 42.2201875595
-84.6600800000 42.1293686858
-84.6555560000 42.1458943272
-84.6157300000 42.1613514934
-84.5982130000 42.2600274185
-84.6234440000 42.5111036624
21
30
-84.0917660000 39.8221179829
-84.1236800000 39.8397532629
-84.1459350000 39.8225810065
-84.1439290000 39.8359721222
-84.1627350000 39.8048087707
-84.2215350000 39.8275830563
-84.2345350000 39.8040605650
-84.2581330000 39.8198216693
-84.2562330000 39.8429763001
-84.2972340000 39.8094345135
-84.3230360000 39.7428914685
-84.3149340000 39.6992621712
-84.3449400000 39.6741457071
-84.3185350000 39.6682733631
-84.3561400000 39.6400386735
-84.3449400000 39.6334203055
-84.3491360000 39.6002054878
-84.3227390000 39.5748042267
-84.3070370000 39.4710708026
-84.2273710000 39.3678865955
-83.9309770000 39.3622907858
-83.9259030000 39.3846984022
-83.9564290000 39.4336745582
-83.8777620000 39.4865114915
-83.9589540000 39.5469115491
-83.9686970000 39.5784177653
-83.9867020000 39.5763282621
-83.9779280000 39.6236878025
-84.0651320000 39.6951441631
-84.0917660000 39.8221179829
21
33
-87.9270780000 41.0130488617
-87.8152920000 40.8369129144
-87.7923360000 40.8476540889
-87.7988510000 40.8327437835
-87.7844390000 40.8234992467
-87.7618560000 40.8365220505
-87.7541730000 40.7184673101
-87.7343220000 40.6798108887
-87.4953540000 40.6914598187
-87.4085390000 40.7367482969
-87.3800050000 40.8009273910
-87.3182070000 40.8133526828
-87.2712630000 40.8598262120
-87.2965770000 40.8653086762
-87.3024220000 40.8986582953
-87.3220370000 40.9083204166
-87.3023220000 41.0088959409
-87.4183430000 41.0675925966
-87.5104750000 41.0190092662
-87.5586090000 41.0495751572
-87.5734180000 41.0902873555
-87.5939480000 41.1066863173
-87.6288990000 41.0454168060
-87.5889280000 40.9752991845
-87.6150050000 40.9249482372
-87.6755370000 40.9243936756
-87.6816480000 40.9532757738
-87.6628270000 40.9903589588
-87.6762770000 41.0135950790
-87.8278730000 40.9811418908
-87.8801190000 41.0430220348
-87.9023210000 41.0439031108
-87.9270780000 41.0130488617
21
31
-83.7220760000 40.7783559195
-83.7773440000 40.8333610460
-83.8216020000 40.8153697670
-83.8305280000 40.8401840919
-83.8657760000 40.8237597862
-83.9063570000 40.8327235455
-83.9653090000 40.8873024975
-83.9641040000 40.9423578275
-84.0021740000 40.9323768945
-84.0202870000 40.9284453430
-84.0157850000 40.9385550194
-84.0397570000 40.9271222010
-84.0594250000 40.9445651228
-84.0730060000 40.9122713765
-84.0804210000 40.9510581407
-84.1218340000 40.8970077459
-84.0748600000 40.8927587279
-84.1090010000 40.8628767657
-84.0820920000 40.8441701245
-84.0982740000 40.7837084555
-84.0889890000 40.7172191428
-84.1265260000 40.6890841985
-84.0904850000 40.5888375828
-83.9670870000 40.6073343459
-83.9055940000 40.5593941079
-83.8590240000 40.6429704380
-83.8628770000 40.6549089530
-83.8071520000 40.6802541379
-83.8220290000 40.7145636840
-83.7492830000 40.7768414880
-83.7220760000 40.7783559195
21
31
-84.0805280000 41.2838710092
-84.2863310000 41.2228149649
-84.2828450000 41.1621899709
-84.3196410000 41.1406007896
-84.3242190000 41.0947483280
-84.3107990000 41.0788346571
-84.3379290000 41.0613044822
-84.3299480000 41.0411851134
-84.3488920000 41.0094231247
-84.3373870000 41.0006438743
-84.2703480000 41.0326639953
-84.2614210000 40.9804755099
-84.2355730000 40.9944768436
-84.2148130000 40.9720612767
-84.1816640000 40.9837618527
-84.1647340000 40.9618707077
-84.1284560000 40.9691718302
-84.1084060000 40.9477336895
-84.0804210000 40.9510581407
-84.0730060000 40.9122713765
-84.0594250000 40.9445651228
-84.0397570000 40.9271222010
-84.0157850000 40.9385550194
-84.0202870000 40.9284453430
-84.0021740000 40.9323768945
-84.0274510000 40.9720232738
-84.0080640000 40.9592906246
-83.9866100000 41.0127535762
-83.9914700000 41.0317690822
-83.9665600000 41.0504550273
-84.0805280000 41.2838710092
21
36
-88.3584370000 40.3854743623
-88.2988200000 40.3530224946
-88.3089750000 40.3390448085
-88.2949910000 40.3010268620
-88.2183990000 40.2196229735
-88.1965710000 40.1519055864
-88.2151570000 40.1035936206
-88.1875840000 40.0796953194
-88.1932220000 40.0614070150
-88.1838910000 40.0352316142
-88.1444780000 40.0704001643
-88.1323320000 40.0589894988
-88.0960540000 40.1022481380
-88.0830080000 40.1115514363
-88.0888290000 40.1558726258
-88.0523610000 40.1654738251
-87.8013080000 40.3531709903
-87.8138890000 40.3630653583
-87.8594740000 40.3542658388
-87.8451310000 40.3748677185
-87.8459470000 40.4045557288
-87.9015050000 40.3776722076
-87.9292530000 40.3902720385
-87.9437790000 40.4593813778
-87.9330440000 40.4798033639
-87.9829560000 40.4726221521
-87.9661410000 40.4866776286
-87.9964600000 40.5127426451
-88.0020070000 40.5631121907
-88.0612950000 40.5119157136
-88.0681150000 40.4821207731
-88.0696720000 40.4957693151
-88.0888290000 40.4688446438
-88.0880510000 40.4754585331
-88.2833250000 40.4448777536
-88.3584370000 40.3854743623
21
17
-88.8131180000 39.5935474286
-88.8128590000 39.8102741030
-88.8158490000 39.8197215588
-88.9973680000 39.7773116918
-89.0483930000 39.7836873557
-89.0514760000 39.7997265931
-89.0797350000 39.7717919645
-89.1007690000 39.8070484180
-89.1319430000 39.6988334902
-89.1745910000 39.6752989779
-89.1793750000 39.6455807694
-89.1624370000 39.6169382008
-89.1235280000 39.6087306773
-89.1040880000 39.6235591748
-89.0639040000 39.6114789268
-89.0669170000 39.5933039868
-88.8131180000 39.5935474286
21
17
-84.6157300000 42.1613514934
-84.5317310000 42.1480471651
-84.4181440000 42.1669309315
-84.4226460000 42.1904509536
-84.4477920000 42.1810850860
-84.4633870000 42.2215486167
-84.4390560000 42.2911783451
-84.4623870000 42.3478286994
-84.4264370000 42.3882093213
-84.4629970000 42.3744461588
-84.4507450000 42.4072174811
-84.4890060000 42.4432493156
-84.5061040000 42.5378874695
-84.5492940000 42.5435196439
-84.6234440000 42.5111036624
-84.5982130000 42.2600274185
-84.6157300000 42.1613514934
21
24
-87.9330440000 40.4798033639
-87.7343220000 40.6798108887
-87.7541730000 40.7184673101
-87.7618560000 40.8365220505
-87.7844390000 40.8234992467
-87.7988510000 40.8327437835
-87.7923360000 40.8476540889
-87.8152920000 40.8369129144
-87.9270780000 41.0130488617
-87.9410250000 40.9844713328
-87.9110030000 40.9404291779
-87.9059980000 40.8969014232
-87.9485930000 40.8492278612
-88.0280300000 40.8832424891
-88.0587620000 40.8128518962
-88.1209030000 40.7715032490
-88.1586990000 40.7116051216
-88.1339260000 40.6006342110
-88.0612950000 40.5119157136
-88.0020070000 40.5631121907
-87.9964600000 40.5127426451
-87.9661410000 40.4866776286
-87.9829560000 40.4726221521
-87.9330440000 40.4798033639
21
31
-82.7327040000 40.2177581056
-82.8220600000 40.2132380897
-82.8687520000 40.1869152035
-82.8926700000 40.1450556451
-82.9794010000 40.0934577866
-83.0000310000 40.1229194688
-83.0485840000 40.0897092081
-83.0354770000 40.0751241675
-83.0613630000 40.0238552736
-83.0430150000 39.9557899950
-83.0734410000 39.9356912601
-83.0526430000 39.9212964604
-83.0544660000 39.9020641981
-83.1079860000 39.8673973230
-83.1220550000 39.8785596204
-83.1479950000 39.8580089846
-83.1504900000 39.8198304289
-83.0382840000 39.8573830449
-83.0202870000 39.8497469108
-82.9380340000 39.8958045933
-82.8691860000 39.8448525961
-82.8280490000 39.8845789143
-82.7821430000 39.8874979143
-82.7224040000 39.9339271849
-82.7232060000 40.0262091901
-82.5653310000 40.1230575606
-82.6296160000 40.1878410479
-82.6829150000 40.1637531985
-82.7050480000 40.1813955000
-82.6995540000 40.1964278375
-82.7327040000 40.2177581056
21
13
-86.4057460000 39.5973427028
-86.4010620000 39.6328782666
-86.5816420000 39.6646614260
-86.6115110000 39.7305573358
-86.6530230000 39.7234376471
-86.6903310000 39.6824538160
-86.7499920000 39.5398616661
-86.7632680000 39.4385291760
-86.5855560000 39.4390289850
-86.5630870000 39.4197925784
-86.5072330000 39.4429652276
-86.4115070000 39.4409347644
-86.4057460000 39.5973427028
21
7
-88.1107410000 39.5607919767
-88.4856800000 39.5650439855
-88.4892120000 39.2544771722
-88.0523830000 39.2507041342
-88.0335460000 39.3089955957
-88.0705340000 39.4749859161
-88.1107410000 39.5607919767
21
7
-88.4844210000 39.8048425527
-88.8128590000 39.8102741030
-88.8131180000 39.5935474286
-88.8163990000 39.2566417908
-88.4892120000 39.2544771722
-88.4856800000 39.5650439855
-88.4844210000 39.8048425527
21
14
-85.4366610000 39.4005849430
-85.4964680000 39.4900793013
-85.4698940000 39.5414612578
-85.5186920000 39.5420514415
-85.5421600000 39.5952278176
-85.5881730000 39.5988621031
-85.5960850000 39.6496304372
-85.6101680000 39.6669914909
-85.7392580000 39.6788738309
-85.8160250000 39.6474194622
-85.9768300000 39.5305042156
-85.9509200000 39.4574314959
-85.9765090000 39.4134087130
-85.4366610000 39.4005849430
21
42
-83.5268100000 40.2014270018
-83.5077510000 40.1731014756
-83.4833680000 40.1940608963
-83.4756930000 40.2397015352
-83.4314350000 40.2420884729
-83.3983150000 40.2795545730
-83.3728870000 40.2478379847
-83.3527300000 40.2503030661
-83.3356860000 40.1717738459
-83.2023160000 40.0947454142
-83.2270970000 40.0706536108
-83.2274250000 40.0486251115
-83.1672740000 40.0050235342
-83.1821900000 39.9033016397
-83.1220550000 39.8785596204
-83.1079860000 39.8673973230
-83.0544660000 39.9020641981
-83.0526430000 39.9212964604
-83.0734410000 39.9356912601
-83.0430150000 39.9557899950
-83.0613630000 40.0238552736
-83.0354770000 40.0751241675
-83.0485840000 40.0897092081
-83.0000310000 40.1229194688
-83.0533600000 40.1470584639
-83.0700380000 40.1885784636
-83.1265340000 40.1727987693
-83.1108470000 40.2968097389
-83.1243970000 40.3859401454
-83.1953050000 40.3947577278
-83.2141490000 40.4342341967
-83.2697750000 40.3779503953
-83.3575360000 40.3264404922
-83.3498230000 40.3410794222
-83.3977660000 40.3002546101
-83.4494090000 40.3528777744
-83.4765550000 40.3512707662
-83.5037160000 40.3073510129
-83.5478520000 40.2970499577
-83.5518720000 40.2378073626
-83.5232160000 40.2224316546
-83.5268100000 40.2014270018
21
34
-83.5090100000 39.8000606422
-83.4893110000 39.7667815845
-83.5041120000 39.7501514103
-83.4898450000 39.7462537807
-83.4578090000 39.7316450259
-83.4091110000 39.7400731694
-83.4000090000 39.7777932604
-83.2700200000 39.8324101520
-83.2259520000 39.8842245330
-83.1869740000 39.8842057496
-83.1821900000 39.9033016397
-83.1672740000 40.0050235342
-83.2274250000 40.0486251115
-83.2270970000 40.0706536108
-83.2023160000 40.0947454142
-83.3356860000 40.1717738459
-83.3527300000 40.2503030661
-83.3728870000 40.2478379847
-83.3983150000 40.2795545730
-83.4314350000 40.2420884729
-83.4756930000 40.2397015352
-83.4833680000 40.1940608963
-83.5077510000 40.1731014756
-83.5288090000 40.1669395222
-83.5092470000 40.1390160527
-83.5507660000 40.0879573287
-83.5513150000 40.0339309978
-83.5354920000 40.0068353217
-83.5530090000 39.9769320840
-83.5387730000 39.9645864077
-83.5467380000 39.9309979903
-83.5117420000 39.8880664473
-83.5229030000 39.8754555815
-83.5090100000 39.8000606422
21
16
-87.8770070000 39.8271725705
-87.9750140000 39.9617715673
-88.0419160000 40.0957946052
-88.0960540000 40.1022481380
-88.1323320000 40.0589894988
-88.1444780000 40.0704001643
-88.1838910000 40.0352316142
-88.1932220000 40.0614070150
-88.2313390000 39.9881786990
-88.2174070000 39.9503551486
-88.2269970000 39.9150844430
-88.2092670000 39.8772411115
-88.2403340000 39.8544887528
-88.1926190000 39.8007575201
-88.1573330000 39.7110110306
-87.8770070000 39.8271725705
21
36
-82.6125410000 40.9845296117
-82.6708600000 40.9497536753
-82.6448970000 40.9128220682
-82.6746440000 40.8675963999
-82.6532750000 40.8557952306
-82.6406710000 40.7833228705
-82.5635450000 40.7384693115
-82.5220180000 40.7506891715
-82.4665990000 40.7362138032
-82.4567260000 40.7186403873
-82.4206390000 40.7319859769
-82.4048160000 40.7212719574
-82.3864140000 40.7532685618
-82.4131550000 40.7726168845
-82.3759380000 40.8075735663
-82.3333510000 40.8098358519
-82.3108060000 40.8363525501
-82.3334270000 40.8398804975
-82.3233490000 40.8498452325
-82.3852620000 40.9062595528
-82.4012760000 40.8965343575
-82.4242630000 40.9623545604
-82.4074550000 40.9691046938
-82.4668430000 41.0293138196
-82.4719160000 41.0097906345
-82.4878770000 41.0326741360
-82.4803390000 41.0430080898
-82.5018620000 41.0529514185
-82.4891590000 41.0589879155
-82.4972990000 41.0685550617
-82.5309220000 41.0881679294
-82.5806880000 41.0793964786
-82.5808490000 41.0503104947
-82.6024020000 41.0358165408
-82.5954900000 40.9997644742
-82.6125410000 40.9845296117
21
22
-82.9407040000 40.7783989004
-82.9007570000 40.7618261753
-82.8667450000 40.7970443514
-82.7667310000 40.8109752350
-82.7620470000 40.8282371316
-82.6406710000 40.7833228705
-82.6532750000 40.8557952306
-82.6746440000 40.8675963999
-82.6448970000 40.9128220682
-82.6708600000 40.9497536753
-82.6125410000 40.9845296117
-82.9377670000 41.1358381367
-82.9704360000 41.1263211753
-82.9890370000 41.0919413278
-82.9615480000 41.0033758966
-82.9854810000 41.0092254304
-82.9839400000 40.9803982303
-83.0045550000 40.9590449061
-82.9858470000 40.9341407651
-82.9878690000 40.9025404923
-82.9506990000 40.8772173464
-82.9407040000 40.7783989004
21
12
-89.1747440000 39.4404499026
-89.2273180000 39.3394887075
-89.2599950000 39.3342257333
-89.3181530000 39.4088456868
-89.3565060000 39.4130623041
-89.3758090000 39.3962604840
-89.4168470000 39.2532244524
-88.8346250000 39.2567736599
-88.9069370000 39.3490653949
-88.9417570000 39.3670795234
-89.0268330000 39.3683287443
-89.1747440000 39.4404499026
21
8
-89.5257640000 39.3537301886
-89.5515980000 39.3497627336
-89.5715100000 39.3185680026
-89.5401610000 39.2532244524
-89.4889600000 39.2503682626
-89.4677580000 39.3114452445
-89.4805150000 39.3395746208
-89.5257640000 39.3537301886
21
11
-84.5317310000 42.1480471651
-84.4763260000 41.8293317726
-84.4331590000 41.8177591364
-84.4114230000 41.8580932432
-84.2054440000 41.8793964966
-84.1954960000 41.8885614209
-84.2081530000 41.9077283305
-84.2304080000 42.1935945167
-84.2319180000 42.2544461456
-84.4181440000 42.1669309315
-84.5317310000 42.1480471651
21
33
-84.0917660000 39.8221179829
-84.0651320000 39.6951441631
-83.9779280000 39.6236878025
-83.9867020000 39.5763282621
-83.9686970000 39.5784177653
-83.9589540000 39.5469115491
-83.8777620000 39.4865114915
-83.8677220000 39.5195870974
-83.8450240000 39.5133537574
-83.8291240000 39.5562743462
-83.8091200000 39.5623869259
-83.7863310000 39.6277652673
-83.7523730000 39.6340160523
-83.7436140000 39.6228111391
-83.7085190000 39.6714044020
-83.6878200000 39.6722765133
-83.6821140000 39.6961452164
-83.5812150000 39.7581559924
-83.5661160000 39.7916747363
-83.5895160000 39.8218314099
-83.6413120000 39.8267095246
-83.7361220000 39.8859401014
-83.7438430000 39.9108506326
-83.7766950000 39.8988629562
-83.7744900000 39.9238620580
-83.8232570000 39.9099475275
-83.8263470000 39.9276667362
-83.8710170000 39.9458816899
-83.9229970000 39.9215783220
-83.9318240000 39.8721550687
-83.9592290000 39.8486153129
-84.0330280000 39.8630128951
-84.0917660000 39.8221179829
21
38
-83.7848590000 40.3148366480
-83.7911680000 40.2924972241
-83.8791430000 40.2624597109
-83.9016110000 40.1958775561
-83.9432370000 40.1914590881
-83.9412610000 40.1306968622
-83.9686740000 40.0871868132
-83.9246670000 40.0166847783
-83.8855510000 40.0261853622
-83.8652500000 40.0070798216
-83.8681950000 39.9808955742
-83.8878710000 39.9706487490
-83.8710170000 39.9458816899
-83.8263470000 39.9276667362
-83.8232570000 39.9099475275
-83.7744900000 39.9238620580
-83.7766950000 39.8988629562
-83.7438430000 39.9108506326
-83.7361220000 39.8859401014
-83.6413120000 39.8267095246
-83.5895160000 39.8218314099
-83.5090100000 39.8000606422
-83.5229030000 39.8754555815
-83.5117420000 39.8880664473
-83.5467380000 39.9309979903
-83.5387730000 39.9645864077
-83.5530090000 39.9769320840
-83.5354920000 40.0068353217
-83.5513150000 40.0339309978
-83.5507660000 40.0879573287
-83.5092470000 40.1390160527
-83.5288090000 40.1669395222
-83.5077510000 40.1731014756
-83.5268100000 40.2014270018
-83.5645520000 40.2100841336
-83.6531680000 40.3263536845
-83.6788330000 40.3004847757
-83.7848590000 40.3148366480
21
52
-85.1526790000 41.0080836274
-85.1677550000 41.1018607041
-85.3994520000 41.0613957767
-85.4890520000 41.1260838981
-85.5340040000 41.0932959834
-85.5271300000 41.0761397361
-85.5855410000 41.0206290209
-85.5774150000 40.9904704561
-85.6134260000 40.9725743180
-85.6425480000 40.9276046075
-85.7221680000 40.8925220442
-85.7379230000 40.8992329566
-85.7344060000 40.8565973643
-85.6825030000 40.8306011047
-85.6804580000 40.7984137019
-85.6454160000 40.7774836647
-85.6337280000 40.7500332771
-85.5916370000 40.7476624910
-85.6006850000 40.6808893390
-85.5830460000 40.6869359623
-85.5684200000 40.6602645464
-85.6155470000 40.6494716088
-85.5873180000 40.6376347649
-85.6237640000 40.5563773726
-85.6011890000 40.5640556082
-85.5989230000 40.5494879258
-85.5618060000 40.5355239362
-85.5472030000 40.5439230136
-85.5425640000 40.5845154670
-85.5215530000 40.5739103468
-85.4444430000 40.7469623876
-85.4015810000 40.7966106647
-85.3732380000 40.8083790804
-85.3746410000 40.8399374214
-85.3449780000 40.8387369676
-85.3546520000 40.8644204268
-85.3080440000 40.8772274703
-85.3138890000 40.8966495400
-85.2775570000 40.9329669580
-85.2774730000 40.9524158173
-85.2430110000 40.9463482199
-85.2550580000 40.9681432545
-85.2296300000 40.9726515911
-85.2275160000 40.9540964760
-85.2164690000 40.9744820963
-85.2040250000 40.9434051149
-85.2015460000 40.9710618044
-85.1937790000 40.9654071968
-85.1985780000 41.0134214550
-85.1869660000 40.9902183204
-85.1519090000 40.9949697349
-85.1526790000 41.0080836274
21
35
-86.2754900000 40.6231957601
-86.2580180000 40.6154117352
-86.2460560000 40.6333167144
-86.2321700000 40.6000134317
-86.1996380000 40.5997913653
-86.1771770000 40.5743480508
-86.1662450000 40.5956567364
-86.1127700000 40.5882938381
-86.0568920000 40.5053900167
-86.0500870000 40.4750263291
-86.0669170000 40.4513463486
-86.0474850000 40.4422060449
-85.8932040000 40.4298965049
-85.8761670000 40.5605241474
-85.8216630000 40.5980918178
-85.7979130000 40.6416462742
-85.8023830000 40.6603554502
-85.7400890000 40.6949861027
-85.6804580000 40.7984137019
-85.6825030000 40.8306011047
-85.7344060000 40.8565973643
-85.7379230000 40.8992329566
-85.8380740000 40.9844041853
-85.8370970000 41.0006197984
-85.8132780000 40.9972416301
-85.8555600000 41.0683952842
-85.9034730000 41.0622478625
-85.9056170000 41.1237746014
-85.9382710000 41.1359828020
-85.9485400000 41.1463231481
-85.9987640000 41.1373913972
-85.9762950000 40.9821718767
-86.0072560000 40.9076305032
-86.1515580000 40.8828653526
-86.2754900000 40.6231957601
21
30
-88.5662230000 39.9774861103
-88.5225680000 39.9169183176
-88.4827580000 39.9056801278
-88.4320450000 39.9376220077
-88.3426210000 39.9543852009
-88.3085170000 39.9389313300
-88.2403340000 39.8544887528
-88.2092670000 39.8772411115
-88.2269970000 39.9150844430
-88.2174070000 39.9503551486
-88.2313390000 39.9881786990
-88.1932220000 40.0614070150
-88.1875840000 40.0796953194
-88.2151570000 40.1035936206
-88.1965710000 40.1519055864
-88.2183990000 40.2196229735
-88.2949910000 40.3010268620
-88.3089750000 40.3390448085
-88.2988200000 40.3530224946
-88.3584370000 40.3854743623
-88.4131090000 40.4101615196
-88.4606930000 40.3852679078
-88.4775240000 40.3541311844
-88.5150830000 40.2390064562
-88.5041890000 40.2084682431
-88.5120930000 40.2065131279
-88.4458240000 40.1265300082
-88.4244460000 40.0667578863
-88.4719850000 39.9645864077
-88.5662230000 39.9774861103
21
26
-83.5268100000 40.2014270018
-83.5232160000 40.2224316546
-83.5518720000 40.2378073626
-83.5478520000 40.2970499577
-83.5347980000 40.3187237267
-83.5497970000 40.3516445159
-83.5356140000 40.3975388868
-83.5543670000 40.4273637579
-83.5484700000 40.4593901968
-83.5791850000 40.5131939309
-83.6219020000 40.5188830910
-83.6423190000 40.5575023311
-83.6748120000 40.5266112181
-83.7008900000 40.5152335681
-83.7355580000 40.5300317158
-83.7429200000 40.4980820758
-83.8290710000 40.4887544987
-83.8852690000 40.5281027062
-83.8835530000 40.4761414949
-83.8415600000 40.4275904555
-83.8117070000 40.3417563782
-83.7848590000 40.3148366480
-83.6788330000 40.3004847757
-83.6531680000 40.3263536845
-83.5645520000 40.2100841336
-83.5268100000 40.2014270018
21
27
-83.9432370000 40.1914590881
-83.9016110000 40.1958775561
-83.8791430000 40.2624597109
-83.7911680000 40.2924972241
-83.7848590000 40.3148366480
-83.8117070000 40.3417563782
-83.8415600000 40.4275904555
-83.8835530000 40.4761414949
-83.8852690000 40.5281027062
-83.9055940000 40.5593941079
-83.9670870000 40.6073343459
-84.0904850000 40.5888375828
-84.1723630000 40.5771584872
-84.1994710000 40.5341432859
-84.2029040000 40.4868515395
-84.1597820000 40.3999600349
-84.1682820000 40.3601606207
-84.1295700000 40.3253459664
-84.1431270000 40.3188822323
-84.1379320000 40.2787384859
-84.1186140000 40.2983315541
-84.0941090000 40.2704359226
-84.1085660000 40.2656254723
-84.1010590000 40.2521685759
-84.0485760000 40.2304384243
-84.0555340000 40.2151166911
-83.9432370000 40.1914590881
21
11
-87.0532000000 39.9535155172
-87.0607600000 39.4314311721
-86.7632680000 39.4385291760
-86.7499920000 39.5398616661
-86.6903310000 39.6824538160
-86.6530230000 39.7234376471
-86.6115110000 39.7305573358
-86.6744690000 39.8767590401
-86.8704450000 39.9521671473
-86.9412990000 39.9637166307
-87.0532000000 39.9535155172
21
34
-86.4689330000 40.2799909122
-86.4957660000 40.3356463340
-86.6120450000 40.3734554355
-86.7616810000 40.2606090846
-86.7759170000 40.2866783450
-86.8165210000 40.2889520290
-86.8089370000 40.2425548064
-86.8261870000 40.2456369388
-86.8527600000 40.1917656229
-86.8993760000 40.1433416676
-86.9086760000 40.1165360804
-86.8916240000 40.1076201417
-86.9220730000 40.1031191852
-86.9243930000 40.0583823066
-86.9383240000 40.0478160295
-86.9127040000 40.0468062545
-86.9163060000 40.0350020923
-86.9005430000 40.0458253406
-86.8818050000 40.0168904303
-86.9058760000 40.0109868905
-86.8942110000 39.9883466813
-86.9408650000 39.9751672434
-86.9412990000 39.9637166307
-86.8704450000 39.9521671473
-86.6744690000 39.8767590401
-86.6132580000 40.0720751823
-86.6173480000 40.1079314260
-86.5269470000 40.0987050414
-86.4949260000 40.1158506920
-86.4515300000 40.0659775060
-86.4392170000 40.0861615604
-86.4091720000 40.0687728530
-86.3993070000 40.0901496929
-86.4689330000 40.2799909122
21
21
-85.3527910000 40.1184416369
-85.3717040000 40.1545025405
-85.4105530000 40.1588376536
-85.3889620000 40.1808201830
-85.4781270000 40.3336583900
-85.5849460000 40.4204749299
-85.5835270000 40.4673931531
-85.6106800000 40.4548825337
-85.6344220000 40.4691949200
-85.6654280000 40.4248273009
-85.6572800000 40.4071785225
-85.6503750000 40.3616154954
-85.6734310000 40.3479624540
-85.6913380000 40.3016846647
-85.6962660000 40.2551517080
-85.6694790000 40.2131124320
-85.6866610000 40.1054888757
-85.6319730000 40.0337917815
-85.5268250000 40.0141492763
-85.3763810000 40.0921990409
-85.3527910000 40.1184416369
21
17
-85.7392580000 39.6788738309
-85.6101680000 39.6669914909
-85.5960850000 39.6496304372
-85.5787120000 39.6801708571
-85.6011280000 39.7177622791
-85.5516360000 39.6960489849
-85.5068050000 39.7118410047
-85.4518660000 39.7998116692
-85.4432220000 39.8165944098
-85.5024950000 39.8853665722
-85.5268250000 40.0141492763
-85.6319730000 40.0337917815
-85.6866610000 40.1054888757
-85.7443240000 40.0902977766
-85.7745510000 40.0338871007
-85.7561800000 40.0139248212
-85.7392580000 39.6788738309
21
12
-88.4827580000 39.9056801278
-88.5225680000 39.9169183176
-88.5662230000 39.9774861103
-88.6250460000 40.0264198791
-88.7281570000 40.0559222147
-88.8050920000 40.1132886887
-88.9407420000 40.1638298097
-88.9333880000 40.1593312060
-88.8158490000 39.8197215588
-88.8128590000 39.8102741030
-88.4844210000 39.8048425527
-88.4827580000 39.9056801278
21
30
-83.1220550000 39.8785596204
-83.1821900000 39.9033016397
-83.1869740000 39.8842057496
-83.2259520000 39.8842245330
-83.2700200000 39.8324101520
-83.4000090000 39.7777932604
-83.4091110000 39.7400731694
-83.4578090000 39.7316450259
-83.4898450000 39.7462537807
-83.4821620000 39.6877446923
-83.5108950000 39.6366800974
-83.4863660000 39.6026051495
-83.5008010000 39.5438270055
-83.4590300000 39.4987468512
-83.4608080000 39.4584861665
-83.1951980000 39.5511567023
-83.1355290000 39.5555268362
-83.1327970000 39.6073297373
-83.0727230000 39.6950629295
-83.0061870000 39.6869011816
-82.8682630000 39.7513393624
-82.8774720000 39.7619965795
-82.8557050000 39.8185227436
-82.8691860000 39.8448525961
-82.9380340000 39.8958045933
-83.0202870000 39.8497469108
-83.0382840000 39.8573830449
-83.1504900000 39.8198304289
-83.1479950000 39.8580089846
-83.1220550000 39.8785596204
21
32
-86.0474850000 40.4422060449
-86.0323870000 40.4114925031
-86.0432970000 40.3863291390
-86.0189970000 40.3725479102
-86.0440520000 40.3718329726
-86.0404360000 40.3568192762
-86.0547490000 40.3714629190
-86.0515980000 40.3605985910
-86.0704190000 40.3636808016
-86.0567170000 40.3479574205
-86.0699010000 40.3416984970
-86.0650100000 40.3146064474
-86.0913930000 40.3061799817
-86.0801160000 40.3168518708
-86.1045150000 40.3176770930
-86.0957720000 40.2912358287
-86.1494220000 40.3159650165
-86.1614990000 40.3166367607
-86.1575700000 40.2984510365
-86.0495070000 40.1480165672
-86.0563810000 40.0868279107
-85.9058300000 40.0630956748
-85.7443240000 40.0902977766
-85.6866610000 40.1054888757
-85.6694790000 40.2131124320
-85.6962660000 40.2551517080
-85.6913380000 40.3016846647
-85.6734310000 40.3479624540
-85.6503750000 40.3616154954
-85.6572800000 40.4071785225
-85.8932040000 40.4298965049
-86.0474850000 40.4422060449
21
42
-83.4951100000 40.9625863546
-83.4789580000 40.9484492281
-83.4806370000 40.9354247521
-83.3858800000 40.9010341756
-83.3872150000 40.8845801968
-83.3291930000 40.8624377127
-83.3338170000 40.8310501272
-83.2870790000 40.8110865184
-83.2808690000 40.7814417443
-83.2620540000 40.7736875544
-83.2426990000 40.8090796430
-83.2705380000 40.8452074569
-83.2245480000 40.8721340530
-83.2071690000 40.9088039919
-83.1816710000 40.9090597056
-83.1142880000 40.9673452294
-83.1289060000 41.0039119196
-83.0544510000 40.9730480920
-83.0341640000 40.9933402892
-83.0045550000 40.9590449061
-82.9839400000 40.9803982303
-82.9854810000 41.0092254304
-82.9615480000 41.0033758966
-82.9890370000 41.0919413278
-83.0149000000 41.1031343169
-83.0221940000 41.1466620081
-83.0499270000 41.1341580051
-83.0978470000 41.1508553434
-83.1447220000 41.1332913025
-83.1527790000 41.1512475264
-83.2034760000 41.1558523096
-83.2329860000 41.2036245192
-83.2682950000 41.2139533382
-83.2631230000 41.2842307073
-83.3342290000 41.2452325442
-83.3992000000 41.1870383267
-83.4306340000 41.1972878431
-83.4338840000 41.1809503543
-83.4443210000 41.0645936749
-83.4963230000 40.9971009813
-83.5061420000 40.9716369114
-83.4951100000 40.9625863546
21
44
-83.4528500000 41.6233667214
-83.4593200000 41.5987658313
-83.4990460000 41.5822451928
-83.4886170000 41.5534052394
-83.5140610000 41.5096085753
-83.5071110000 41.4804511920
-83.5621490000 41.4157054410
-83.6353000000 41.3759522139
-83.6122590000 41.3615969379
-83.6139760000 41.3750450840
-83.5967250000 41.3722003413
-83.5905230000 41.3550612150
-83.6215060000 41.3270002401
-83.6067810000 41.2965464440
-83.5861660000 41.3199710646
-83.5593110000 41.3231486234
-83.5488200000 41.3193645562
-83.5591810000 41.2849717154
-83.5159910000 41.2784757040
-83.5344240000 41.2584973758
-83.5142360000 41.2262991353
-83.5063550000 41.2491533499
-83.4641950000 41.2424641943
-83.4643630000 41.2233382807
-83.4988940000 41.2021806333
-83.4636380000 41.2012790098
-83.4795990000 41.1727173070
-83.4555740000 41.1787374528
-83.4685360000 41.1616720765
-83.4338840000 41.1809503543
-83.4306340000 41.1972878431
-83.3992000000 41.1870383267
-83.3342290000 41.2452325442
-83.2631230000 41.2842307073
-83.2217710000 41.3064012272
-83.2170490000 41.3407384246
-83.1991350000 41.3536098840
-83.2642670000 41.3765438252
-83.2441860000 41.3821789529
-83.3007430000 41.4038396602
-83.3413160000 41.5440314206
-83.3637160000 41.5548788280
-83.4035490000 41.6357914706
-83.4528500000 41.6233667214
21
25
-86.4908520000 41.1958148500
-86.1515580000 40.8828653526
-86.0072560000 40.9076305032
-85.9762950000 40.9821718767
-85.9987640000 41.1373913972
-86.0321810000 41.1255662047
-86.0452120000 41.0847282453
-86.0985720000 41.1505012378
-86.1789860000 41.1520318973
-86.2216950000 41.1746406137
-86.2748180000 41.2281498761
-86.2718050000 41.3128127376
-86.2892230000 41.3397731372
-86.3676830000 41.3881452585
-86.3752290000 41.3508395712
-86.3240200000 41.3318896967
-86.3249970000 41.3114930211
-86.3825150000 41.3001986429
-86.4036710000 41.2714260568
-86.4333950000 41.2984723159
-86.4599530000 41.2927736306
-86.4587940000 41.2601022439
-86.4309160000 41.2420919534
-86.4332350000 41.2222675187
-86.4908520000 41.1958148500
21
23
-85.6379620000 41.6218639748
-85.6539760000 41.5531872625
-85.6864400000 41.5117121657
-85.7497630000 41.4778553974
-85.7821660000 41.5044753020
-85.8300630000 41.4876619734
-85.8454670000 41.4303593537
-85.8976670000 41.3718174018
-85.9093400000 41.3254717814
-85.9223940000 41.1740832950
-85.9485400000 41.1463231481
-85.9382710000 41.1359828020
-85.8826600000 41.1882927906
-85.7134550000 41.2479844598
-85.5569460000 41.2316240842
-85.4288480000 41.2878519160
-85.4240190000 41.3250152833
-85.4052890000 41.4713305689
-85.4674610000 41.5005245703
-85.5853200000 41.5696478808
-85.5694960000 41.5725662751
-85.5805970000 41.5806015796
-85.6379620000 41.6218639748
21
30
-83.9799650000 41.6967759748
-83.9990920000 41.6751358534
-83.9987260000 41.6994839007
-84.0039520000 41.6869050392
-84.1022420000 41.7227094527
-84.1941070000 41.6106566546
-84.1347890000 41.5290421696
-84.1042480000 41.5008163148
-84.1199420000 41.4884823134
-84.1031880000 41.4669291486
-84.0792010000 41.4849984662
-84.0804140000 41.4660351357
-84.0582810000 41.4648112944
-84.0626300000 41.4368571051
-84.0295490000 41.4102960957
-84.0039140000 41.4225369410
-83.9943540000 41.3966875801
-83.9774320000 41.4171373794
-83.9781800000 41.3818837650
-83.8484270000 41.5151052776
-83.8336110000 41.5381034872
-83.8483350000 41.5503714545
-83.8407360000 41.5694438899
-83.8581310000 41.5628157052
-83.8731380000 41.5983628226
-83.9002760000 41.5821584847
-83.8903660000 41.5994813036
-83.9170460000 41.6014224168
-83.9506530000 41.6769075176
-83.9799650000 41.6967759748
21
40
-83.8484270000 41.5151052776
-83.8219380000 41.5200288878
-83.8037110000 41.4933318944
-83.7895200000 41.5108763299
-83.7258450000 41.5102596511
-83.7368850000 41.4733275786
-83.7087400000 41.4776809035
-83.7098160000 41.4478485602
-83.6880260000 41.4702276470
-83.6988980000 41.3914460414
-83.6848370000 41.4102579132
-83.6728590000 41.3881885217
-83.6597600000 41.3938625333
-83.6471020000 41.3554682532
-83.6353000000 41.3759522139
-83.5621490000 41.4157054410
-83.5071110000 41.4804511920
-83.5140610000 41.5096085753
-83.4886170000 41.5534052394
-83.4990460000 41.5822451928
-83.4593200000 41.5987658313
-83.4528500000 41.6233667214
-83.5272830000 41.6690642048
-83.5807650000 41.6860471909
-83.5844190000 41.7513686269
-83.6419680000 41.8067772177
-83.8664400000 41.7231857981
-83.9302980000 41.7646283328
-83.9820330000 41.7140092405
-83.9799650000 41.6967759748
-83.9506530000 41.6769075176
-83.9170460000 41.6014224168
-83.8903660000 41.5994813036
-83.9002760000 41.5821584847
-83.8731380000 41.5983628226
-83.8581310000 41.5628157052
-83.8407360000 41.5694438899
-83.8483350000 41.5503714545
-83.8336110000 41.5381034872
-83.8484270000 41.5151052776
21
51
-87.0998610000 40.3993493910
-87.1590580000 40.3958102527
-87.2158660000 40.3548082340
-87.2958760000 40.3688323077
-87.3099440000 40.3493164696
-87.2989270000 40.3411171705
-87.3379290000 40.2977932563
-87.3409190000 40.2705515977
-87.3799670000 40.2671455280
-87.3722150000 40.2508398364
-87.3861310000 40.2475023565
-87.3887940000 40.2052478531
-87.3642200000 40.1887945388
-87.3720930000 40.1816015096
-87.3455280000 40.1426083709
-87.3071140000 40.1169716687
-87.3335490000 40.0738644103
-87.3340610000 40.0420698635
-87.3037490000 40.0123122709
-87.2843700000 40.0119060028
-87.2787400000 39.9693728303
-87.2595520000 39.9671306138
-87.2449490000 39.9571008207
-87.2620240000 39.9427604180
-87.2500000000 39.9277669603
-87.0532000000 39.9535155172
-86.9412990000 39.9637166307
-86.9408650000 39.9751672434
-86.8942110000 39.9883466813
-86.9058760000 40.0109868905
-86.8818050000 40.0168904303
-86.9005430000 40.0458253406
-86.9163060000 40.0350020923
-86.9127040000 40.0468062545
-86.9383240000 40.0478160295
-86.9243930000 40.0583823066
-86.9220730000 40.1031191852
-86.8916240000 40.1076201417
-86.9086760000 40.1165360804
-86.8993760000 40.1433416676
-86.9197850000 40.1606147054
-86.9104920000 40.1727083345
-86.9698180000 40.1995147495
-86.9858860000 40.2798136099
-87.0280300000 40.3309093086
-87.0703350000 40.3418142594
-87.1035920000 40.2887835129
-87.1352920000 40.2952703409
-87.1246260000 40.3281540167
-87.0946960000 40.3498538028
-87.0998610000 40.3993493910
21
21
-83.0308610000 42.0630741954
-83.0380780000 42.0301044669
-83.0243000000 42.0082525078
-83.0506590000 41.9840953465
-83.0504910000 41.9538745530
-83.0738910000 41.9445507696
-83.0709230000 41.8959308674
-83.1663590000 41.7794271883
-83.0522610000 41.7302559209
-83.0021060000 41.6607774391
-82.9709850000 41.6392912168
-82.9129710000 41.6452103387
-82.8176120000 41.6133186844
-82.7698360000 41.6890573543
-82.6655500000 41.7817963506
-82.7235950000 41.8470387306
-82.7897800000 41.8510094547
-82.8437120000 41.8897717096
-82.8772890000 42.0164181966
-82.8793410000 42.0960711840
-83.0308610000 42.0630741954
21
23
-84.1022420000 41.7227094527
-84.0039520000 41.6869050392
-83.9987260000 41.6994839007
-83.9990920000 41.6751358534
-83.9799650000 41.6967759748
-83.9820330000 41.7140092405
-83.9302980000 41.7646283328
-83.9609990000 41.8163593194
-83.9687190000 41.8799478502
-83.9915160000 41.8941690553
-84.0339580000 41.8807678509
-84.0340120000 41.8979997923
-84.0522230000 41.8912455710
-84.0464550000 41.9040916841
-84.0588990000 41.8913325705
-84.0838390000 41.9132744296
-84.1247480000 41.8542782374
-84.1617970000 41.8432037238
-84.1834410000 41.7706193977
-84.1581730000 41.7725155635
-84.1734850000 41.7587564710
-84.1312330000 41.7522743501
-84.1022420000 41.7227094527
21
34
-82.9890370000 41.0919413278
-82.9704360000 41.1263211753
-82.9377670000 41.1358381367
-82.6125410000 40.9845296117
-82.5954900000 40.9997644742
-82.6024020000 41.0358165408
-82.5808490000 41.0503104947
-82.5806880000 41.0793964786
-82.5309220000 41.0881679294
-82.4972990000 41.0685550617
-82.4718020000 41.0858164502
-82.4844440000 41.0983824598
-82.4640960000 41.1153969031
-82.5190200000 41.1388825009
-82.5498120000 41.2256538617
-82.6371610000 41.3139277728
-82.6441270000 41.3502811940
-82.6134870000 41.3539736686
-82.6003110000 41.3856589330
-82.6042330000 41.4520453409
-82.6265340000 41.4792411707
-82.6991730000 41.4704619850
-82.7377470000 41.4392416804
-82.7942200000 41.4476830357
-82.8240200000 41.4294415067
-82.8201830000 41.4056837647
-82.9248280000 41.3601124310
-82.8888320000 41.2797555513
-82.9280320000 41.2517313126
-82.9549100000 41.2021996818
-83.0022280000 41.1816626074
-83.0221940000 41.1466620081
-83.0149000000 41.1031343169
-82.9890370000 41.0919413278
21
20
-85.0432210000 40.1103639975
-84.9543530000 40.0053620662
-84.9011760000 40.0229322833
-84.7207410000 40.1758610453
-84.7241060000 40.2356115776
-84.7066650000 40.2528210101
-84.7225570000 40.3277841344
-84.8504410000 40.4130866860
-84.8585210000 40.4553725962
-84.8473210000 40.5656725571
-84.9169690000 40.5462457853
-85.0021590000 40.5476455289
-85.0023190000 40.5580320248
-85.0396580000 40.5622709427
-85.0448000000 40.3946280515
-85.0737920000 40.3965971361
-85.1313860000 40.3568922685
-85.1650540000 40.2667570251
-85.0569760000 40.1989305276
-85.0432210000 40.1103639975
21
16
-85.2319560000 39.7834296690
-85.2052840000 39.8738115713
-85.0432210000 40.1103639975
-85.0569760000 40.1989305276
-85.1650540000 40.2667570251
-85.1867140000 40.2629927785
-85.1971280000 40.2171687446
-85.3113170000 40.1867330507
-85.3077700000 40.1626366918
-85.3527910000 40.1184416369
-85.3763810000 40.0921990409
-85.5268250000 40.0141492763
-85.5024950000 39.8853665722
-85.4432220000 39.8165944098
-85.4518660000 39.7998116692
-85.2319560000 39.7834296690
21
21
-84.8473210000 40.5656725571
-84.8585210000 40.4553725962
-84.8504410000 40.4130866860
-84.7225570000 40.3277841344
-84.7066650000 40.2528210101
-84.7241060000 40.2356115776
-84.7207410000 40.1758610453
-84.5621260000 40.3186469899
-84.5029750000 40.2893355928
-84.4468540000 40.4873997390
-84.6449280000 40.6473381652
-84.6520840000 40.6553419847
-84.6370700000 40.6603895391
-84.6584400000 40.6750363062
-84.6593090000 40.6538106018
-84.6905520000 40.6636116317
-84.6883010000 40.6475792798
-84.7462460000 40.6134330198
-84.7535020000 40.6233648755
-84.7475360000 40.6128891327
-84.8473210000 40.5656725571
21
51
-84.5255970000 40.8457235973
-84.5816190000 40.7982012806
-84.5877460000 40.8254861949
-84.6164250000 40.8181052303
-84.6046140000 40.8324870136
-84.6449660000 40.8678330206
-84.6095200000 40.8847383943
-84.6600340000 40.8948154968
-84.6499940000 40.8705409144
-84.6687160000 40.8636587155
-84.6791530000 40.9214803821
-84.7164690000 40.9037531581
-84.7032170000 40.8719556303
-84.7156220000 40.8464193793
-84.6946030000 40.8381184046
-84.7050480000 40.8197025350
-84.6884920000 40.8070285520
-84.7069020000 40.8017227323
-84.6905980000 40.7939049095
-84.7282870000 40.7938998521
-84.7241520000 40.7777959057
-84.7447200000 40.7743297094
-84.7335970000 40.7688993404
-84.7417300000 40.7546524383
-84.6980970000 40.7528970039
-84.6999970000 40.7351334529
-84.6822200000 40.7384642571
-84.7040480000 40.7061745961
-84.6785960000 40.6992930978
-84.6928630000 40.6829465111
-84.6538310000 40.6976940554
-84.6667020000 40.6744630190
-84.6584400000 40.6750363062
-84.6370700000 40.6603895391
-84.6520840000 40.6553419847
-84.6449280000 40.6473381652
-84.4468540000 40.4873997390
-84.3743360000 40.4708581200
-84.3478470000 40.5544768287
-84.3724370000 40.6219147843
-84.4226760000 40.6548799160
-84.4182740000 40.6831106827
-84.4287260000 40.7025367367
-84.4466170000 40.6963501736
-84.4429630000 40.7292100692
-84.4650190000 40.7373611362
-84.4498440000 40.7533848319
-84.4839710000 40.7692178729
-84.5031200000 40.8008553175
-84.4945680000 40.8175260085
-84.5255970000 40.8457235973
21
15
-83.9302980000 41.7646283328
-83.8664400000 41.7231857981
-83.6419680000 41.8067772177
-83.6249160000 41.9172966487
-83.6465610000 41.9485461950
-83.6747590000 41.9395365712
-83.7693480000 41.9729232106
-83.7884830000 42.0309591258
-83.8376920000 42.0545083069
-83.8623890000 42.1051205751
-83.9039690000 42.1176645084
-83.9915160000 41.8941690553
-83.9687190000 41.8799478502
-83.9609990000 41.8163593194
-83.9302980000 41.7646283328
21
8
-87.0607600000 39.4314311721
-87.0532000000 39.9535155172
-87.2500000000 39.9277669603
-87.2620240000 39.9427604180
-87.2449490000 39.9571008207
-87.2595520000 39.9671306138
-87.3358540000 39.4293722883
-87.0607600000 39.4314311721
21
32
-87.3023220000 41.0088959409
-87.3220370000 40.9083204166
-87.3024220000 40.8986582953
-87.2965770000 40.8653086762
-87.2712630000 40.8598262120
-87.3182070000 40.8133526828
-87.3800050000 40.8009273910
-87.4085390000 40.7367482969
-87.1312870000 40.5993775157
-87.0384140000 40.5819646794
-86.9477690000 40.6710625133
-86.9040910000 40.6708213384
-86.8185580000 40.7258126317
-86.8630520000 40.7718988978
-86.8233340000 40.8054276700
-86.8206940000 40.8786853143
-86.8541560000 40.9358844086
-86.8659290000 40.9332898485
-86.8941190000 40.9210891645
-86.9158480000 40.9345991490
-86.8939360000 40.9880961001
-86.9322590000 41.0228153542
-86.9864580000 41.0050435340
-86.9698870000 41.0347961032
-86.9789580000 41.0491453678
-87.0433730000 41.0069240969
-87.0700300000 40.8878669640
-87.1130520000 40.8620745781
-87.1302030000 40.8682290768
-87.1642840000 40.9367822014
-87.2199710000 40.9460822728
-87.3023220000 41.0088959409
21
28
-83.3413160000 41.5440314206
-83.3007430000 41.4038396602
-83.2441860000 41.3821789529
-83.2208480000 41.4044505396
-83.2178570000 41.4393486249
-83.1767430000 41.4766263051
-83.0837100000 41.4192452330
-83.0488510000 41.3712983369
-83.0116810000 41.3962460018
-82.9755630000 41.3561627662
-82.9248280000 41.3601124310
-82.8201830000 41.4056837647
-82.8240200000 41.4294415067
-82.7942200000 41.4476830357
-82.7711180000 41.5966934162
-82.8176120000 41.6133186844
-82.9129710000 41.6452103387
-82.9709850000 41.6392912168
-83.0021060000 41.6607774391
-83.0522610000 41.7302559209
-83.1663590000 41.7794271883
-83.1886600000 41.7685469486
-83.1871260000 41.7338844226
-83.2140660000 41.7152989603
-83.2081300000 41.6987536083
-83.2371290000 41.6801063002
-83.2313610000 41.5690690577
-83.3413160000 41.5440314206
21
34
-85.0250550000 40.7310509784
-85.0006710000 40.9520624649
-85.0305020000 41.0003929783
-85.0942920000 40.9959175127
-85.1255190000 41.0321125960
-85.1466450000 41.0118499831
-85.1389690000 41.0002143104
-85.1526790000 41.0080836274
-85.1519090000 40.9949697349
-85.1869660000 40.9902183204
-85.1985780000 41.0134214550
-85.1937790000 40.9654071968
-85.2015460000 40.9710618044
-85.2040250000 40.9434051149
-85.2164690000 40.9744820963
-85.2275160000 40.9540964760
-85.2296300000 40.9726515911
-85.2550580000 40.9681432545
-85.2430110000 40.9463482199
-85.2774730000 40.9524158173
-85.2775570000 40.9329669580
-85.3138890000 40.8966495400
-85.3080440000 40.8772274703
-85.3546520000 40.8644204268
-85.3449780000 40.8387369676
-85.3746410000 40.8399374214
-85.3732380000 40.8083790804
-85.4015810000 40.7966106647
-85.3743360000 40.7597672718
-85.3737790000 40.7246363814
-85.3403020000 40.6962769174
-85.2567140000 40.6705574357
-85.0301590000 40.6706874929
-85.0250550000 40.7310509784
21
32
-85.5215530000 40.5739103468
-85.5425640000 40.5845154670
-85.5472030000 40.5439230136
-85.5618060000 40.5355239362
-85.5989230000 40.5494879258
-85.6011890000 40.5640556082
-85.6237640000 40.5563773726
-85.5873180000 40.6376347649
-85.6155470000 40.6494716088
-85.5684200000 40.6602645464
-85.5830460000 40.6869359623
-85.6006850000 40.6808893390
-85.5916370000 40.7476624910
-85.6337280000 40.7500332771
-85.6454160000 40.7774836647
-85.6804580000 40.7984137019
-85.7400890000 40.6949861027
-85.8023830000 40.6603554502
-85.7979130000 40.6416462742
-85.8216630000 40.5980918178
-85.8761670000 40.5605241474
-85.8932040000 40.4298965049
-85.6572800000 40.4071785225
-85.6654280000 40.4248273009
-85.6344220000 40.4691949200
-85.6106800000 40.4548825337
-85.5835270000 40.4673931531
-85.5289000000 40.4474777353
-85.4999690000 40.4842076242
-85.4661410000 40.4618318328
-85.4981460000 40.5601104706
-85.5215530000 40.5739103468
21
19
-85.0238650000 41.3015614216
-85.0042040000 41.3405629170
-85.0078350000 41.3612916389
-84.9994890000 41.4671774871
-84.9612120000 41.5525881472
-84.9568560000 41.5602571160
-84.9975130000 41.5645609918
-85.2830510000 41.5931327967
-85.3390810000 41.5272427563
-85.4088520000 41.5239868247
-85.4264980000 41.5102889560
-85.4481200000 41.5242531569
-85.4674610000 41.5005245703
-85.4052890000 41.4713305689
-85.4240190000 41.3250152833
-85.1017300000 41.1842247324
-85.0479200000 41.2294633274
-85.0464250000 41.2780969640
-85.0238650000 41.3015614216
21
23
-84.7164690000 40.9037531581
-84.6791530000 40.9214803821
-84.6687160000 40.8636587155
-84.6499940000 40.8705409144
-84.6600340000 40.8948154968
-84.6095200000 40.8847383943
-84.6449660000 40.8678330206
-84.6046140000 40.8324870136
-84.6164250000 40.8181052303
-84.5877460000 40.8254861949
-84.5816190000 40.7982012806
-84.5255970000 40.8457235973
-84.4828570000 40.8865735054
-84.4631200000 40.8862355892
-84.4792180000 40.9488988171
-84.4357450000 40.9438546796
-84.4529720000 41.0225251076
-84.4968490000 41.0705966873
-84.6602940000 41.1424498255
-84.7097630000 40.9626192872
-84.6889500000 40.9536038005
-84.7207870000 40.9309182126
-84.7164690000 40.9037531581
21
39
-84.7962270000 41.0997854121
-84.8198850000 41.0745393070
-84.7966380000 41.0555480406
-84.8267060000 41.0327083609
-84.7975690000 41.0332103275
-84.7971340000 40.9945351288
-84.7759700000 41.0201030411
-84.7827000000 41.0025686999
-84.7583310000 40.9764595888
-84.7735370000 40.9621316332
-84.7652970000 40.9449994963
-84.7097630000 40.9626192872
-84.6602940000 41.1424498255
-84.6250760000 41.2853644647
-84.6531300000 41.2862808864
-84.6337360000 41.2934384380
-84.6483990000 41.3109056388
-84.6391450000 41.3278344178
-84.6510850000 41.3231003043
-84.6489560000 41.3633155356
-84.6782840000 41.3671052132
-84.6790700000 41.3529840761
-84.6898500000 41.3685898321
-84.7140810000 41.3608158833
-84.7316590000 41.3770540134
-84.7252270000 41.3861017333
-84.8652110000 41.3118617261
-84.8647610000 41.2861550526
-84.8634340000 41.2567337047
-84.8399810000 41.2652944302
-84.8271640000 41.2450521352
-84.8426670000 41.2279123390
-84.8257750000 41.2075867486
-84.8498990000 41.1967354680
-84.8309860000 41.1763646411
-84.8379290000 41.1491076743
-84.8171230000 41.1377784474
-84.8187940000 41.1055585425
-84.7962270000 41.0997854121
21
22
-85.3527910000 40.1184416369
-85.3077700000 40.1626366918
-85.3113170000 40.1867330507
-85.1971280000 40.2171687446
-85.1867140000 40.2629927785
-85.1650540000 40.2667570251
-85.1313860000 40.3568922685
-85.0737920000 40.3965971361
-85.1709900000 40.4608995185
-85.2635570000 40.4003918947
-85.3484730000 40.4694935379
-85.4387280000 40.4786931952
-85.4661410000 40.4618318328
-85.4999690000 40.4842076242
-85.5289000000 40.4474777353
-85.5835270000 40.4673931531
-85.5849460000 40.4204749299
-85.4781270000 40.3336583900
-85.3889620000 40.1808201830
-85.4105530000 40.1588376536
-85.3717040000 40.1545025405
-85.3527910000 40.1184416369
21
27
-84.6602940000 41.1424498255
-84.4968490000 41.0705966873
-84.4529720000 41.0225251076
-84.4357450000 40.9438546796
-84.4165880000 40.9753232539
-84.3909610000 40.9423958184
-84.3675460000 40.9542712561
-84.3816760000 41.0106409815
-84.3449250000 40.9874486742
-84.3373870000 41.0006438743
-84.3488920000 41.0094231247
-84.3299480000 41.0411851134
-84.3379290000 41.0613044822
-84.3107990000 41.0788346571
-84.3242190000 41.0947483280
-84.3196410000 41.1406007896
-84.2828450000 41.1621899709
-84.2863310000 41.2228149649
-84.3151470000 41.2560259585
-84.3301700000 41.2464534902
-84.3808820000 41.2813989164
-84.3589550000 41.3855380540
-84.3794860000 41.4060184819
-84.4018400000 41.4017028866
-84.6217040000 41.2982485822
-84.6250760000 41.2853644647
-84.6602940000 41.1424498255
21
30
-84.2863310000 41.2228149649
-84.0805280000 41.2838710092
-83.9781800000 41.3818837650
-83.9774320000 41.4171373794
-83.9943540000 41.3966875801
-84.0039140000 41.4225369410
-84.0295490000 41.4102960957
-84.0626300000 41.4368571051
-84.0582810000 41.4648112944
-84.0804140000 41.4660351357
-84.0792010000 41.4849984662
-84.1031880000 41.4669291486
-84.1199420000 41.4884823134
-84.1042480000 41.5008163148
-84.1347890000 41.5290421696
-84.1941070000 41.6106566546
-84.2892680000 41.5346572781
-84.3048860000 41.5257708826
-84.3425370000 41.5127378585
-84.3343810000 41.5048982862
-84.4425960000 41.4977689679
-84.4231260000 41.4643260923
-84.4223710000 41.4136371246
-84.4018400000 41.4017028866
-84.3794860000 41.4060184819
-84.3589550000 41.3855380540
-84.3808820000 41.2813989164
-84.3301700000 41.2464534902
-84.3151470000 41.2560259585
-84.2863310000 41.2228149649
21
28
-83.6311110000 40.9164048088
-83.7080840000 40.7785240507
-83.6236040000 40.7248334750
-83.5223540000 40.6798967602
-83.4964070000 40.6891473456
-83.4991070000 40.6603314616
-83.4792330000 40.6609766285
-83.4447780000 40.6863626024
-83.4276280000 40.7361405159
-83.3909070000 40.7572508955
-83.3460850000 40.7285252653
-83.2486340000 40.7193832330
-83.2580950000 40.7332924636
-83.2431720000 40.7561564004
-83.2620540000 40.7736875544
-83.2808690000 40.7814417443
-83.2870790000 40.8110865184
-83.3338170000 40.8310501272
-83.3291930000 40.8624377127
-83.3872150000 40.8845801968
-83.3858800000 40.9010341756
-83.4806370000 40.9354247521
-83.4789580000 40.9484492281
-83.4951100000 40.9625863546
-83.5240710000 40.9246393029
-83.5600130000 40.9099053378
-83.6124040000 40.9270639579
-83.6311110000 40.9164048088
21
34
-82.9407040000 40.7783989004
-82.9506990000 40.8772173464
-82.9878690000 40.9025404923
-82.9858470000 40.9341407651
-83.0045550000 40.9590449061
-83.0341640000 40.9933402892
-83.0544510000 40.9730480920
-83.1289060000 41.0039119196
-83.1142880000 40.9673452294
-83.1816710000 40.9090597056
-83.2071690000 40.9088039919
-83.2245480000 40.8721340530
-83.2705380000 40.8452074569
-83.2426990000 40.8090796430
-83.2620540000 40.7736875544
-83.2431720000 40.7561564004
-83.2580950000 40.7332924636
-83.2486340000 40.7193832330
-83.1501690000 40.6702392382
-83.1324920000 40.6392289974
-83.0833820000 40.6683363892
-83.0572050000 40.6224877506
-83.0125500000 40.6099047505
-83.0180660000 40.5675771113
-83.0013430000 40.5619959937
-82.9998860000 40.5405499266
-82.9504780000 40.5212922318
-82.9483800000 40.5092509259
-82.9253850000 40.4884381763
-82.8785550000 40.5540770509
-82.9021000000 40.6023666106
-82.9029460000 40.6829174654
-82.9453960000 40.7292340753
-82.9407040000 40.7783989004
21
19
-85.5960850000 39.6496304372
-85.5881730000 39.5988621031
-85.5421600000 39.5952278176
-85.5186920000 39.5420514415
-85.4698940000 39.5414612578
-85.4964680000 39.4900793013
-85.4366610000 39.4005849430
-85.2960740000 39.4098013873
-85.2154770000 39.6951291662
-85.2434620000 39.6989434723
-85.2751460000 39.7492785875
-85.2544780000 39.7654933865
-85.2319560000 39.7834296690
-85.4518660000 39.7998116692
-85.5068050000 39.7118410047
-85.5516360000 39.6960489849
-85.6011280000 39.7177622791
-85.5787120000 39.6801708571
-85.5960850000 39.6496304372
21
14
-84.9344020000 41.9817606623
-84.8341450000 42.0453549838
-84.8120350000 42.0332514962
-84.8148420000 42.0433955071
-84.7858430000 42.0560335225
-84.7749630000 42.1145774204
-84.6600800000 42.1293686858
-84.7612760000 42.2201875595
-84.7950820000 42.2320756666
-84.8295590000 42.1988447263
-84.8136370000 42.1395708193
-84.8873440000 42.1517384122
-85.0241700000 42.1094692688
-84.9344020000 41.9817606623
21
17
-82.8176120000 41.6133186844
-82.7711180000 41.5966934162
-82.7942200000 41.4476830357
-82.7377470000 41.4392416804
-82.6991730000 41.4704619850
-82.6265340000 41.4792411707
-82.6042330000 41.4520453409
-82.5850140000 41.4502194123
-82.5749740000 41.4715738247
-82.5829700000 41.5139343022
-82.5718770000 41.5392811414
-82.5979770000 41.5764142598
-82.5962830000 41.6692492713
-82.6089400000 41.7350888460
-82.6655500000 41.7817963506
-82.7698360000 41.6890573543
-82.8176120000 41.6133186844
21
14
-86.1575700000 40.2984510365
-86.1896590000 40.3040744260
-86.1946870000 40.2884100120
-86.4689330000 40.2799909122
-86.3993070000 40.0901496929
-86.2800900000 39.9785966796
-86.2185130000 40.0073669531
-86.2102360000 39.9964239704
-86.1922990000 39.9728108312
-86.1135560000 39.9536445908
-86.0776370000 39.9447727558
-86.0563810000 40.0868279107
-86.0495070000 40.1480165672
-86.1575700000 40.2984510365
21
27
-86.6744690000 39.8767590401
-86.6115110000 39.7305573358
-86.5816420000 39.6646614260
-86.4010620000 39.6328782666
-86.4057460000 39.5973427028
-86.2631840000 39.7189123264
-86.2676470000 39.7427964402
-86.2399060000 39.7450858983
-86.2251210000 39.7672543450
-86.2102660000 39.7587862833
-86.2009510000 39.7963336209
-86.1880260000 39.7792304754
-86.1667710000 39.7944858030
-86.1135560000 39.9536445908
-86.1922990000 39.9728108312
-86.2102360000 39.9964239704
-86.2185130000 40.0073669531
-86.2800900000 39.9785966796
-86.3993070000 40.0901496929
-86.4091720000 40.0687728530
-86.4392170000 40.0861615604
-86.4515300000 40.0659775060
-86.4949260000 40.1158506920
-86.5269470000 40.0987050414
-86.6173480000 40.1079314260
-86.6132580000 40.0720751823
-86.6744690000 39.8767590401
21
23
-86.9789580000 41.0491453678
-86.9698870000 41.0347961032
-86.9864580000 41.0050435340
-86.9322590000 41.0228153542
-86.8939360000 40.9880961001
-86.9158480000 40.9345991490
-86.8941190000 40.9210891645
-86.8659290000 40.9332898485
-86.8541560000 40.9358844086
-86.8206940000 40.8786853143
-86.8233340000 40.8054276700
-86.6387630000 40.7094172098
-86.6228410000 40.7028979901
-86.6761780000 40.8832133811
-86.6552960000 40.9380333009
-86.6470790000 41.0217950590
-86.6818470000 41.0295254994
-86.7328030000 41.0046519660
-86.7956160000 41.1242643705
-86.8163910000 41.1363558873
-86.8579640000 41.1199808812
-86.9206470000 41.0567576246
-86.9789580000 41.0491453678
21
31
-83.4608080000 39.4584861665
-83.4590300000 39.4987468512
-83.5008010000 39.5438270055
-83.4863660000 39.6026051495
-83.5108950000 39.6366800974
-83.4821620000 39.6877446923
-83.4898450000 39.7462537807
-83.5041120000 39.7501514103
-83.4893110000 39.7667815845
-83.5090100000 39.8000606422
-83.5895160000 39.8218314099
-83.5661160000 39.7916747363
-83.5812150000 39.7581559924
-83.6821140000 39.6961452164
-83.6878200000 39.6722765133
-83.7085190000 39.6714044020
-83.7436140000 39.6228111391
-83.7523730000 39.6340160523
-83.7863310000 39.6277652673
-83.8091200000 39.5623869259
-83.8291240000 39.5562743462
-83.8450240000 39.5133537574
-83.8677220000 39.5195870974
-83.8777620000 39.4865114915
-83.9564290000 39.4336745582
-83.9259030000 39.3846984022
-83.9309770000 39.3622907858
-83.6908490000 39.3559344010
-83.6456150000 39.4075049809
-83.5310130000 39.4594810083
-83.4608080000 39.4584861665
21
18
-85.4661410000 40.4618318328
-85.4387280000 40.4786931952
-85.3484730000 40.4694935379
-85.2635570000 40.4003918947
-85.1709900000 40.4608995185
-85.0737920000 40.3965971361
-85.0448000000 40.3946280515
-85.0396580000 40.5622709427
-85.0301590000 40.6706874929
-85.2567140000 40.6705574357
-85.3403020000 40.6962769174
-85.3737790000 40.7246363814
-85.3743360000 40.7597672718
-85.4015810000 40.7966106647
-85.4444430000 40.7469623876
-85.5215530000 40.5739103468
-85.4981460000 40.5601104706
-85.4661410000 40.4618318328
21
27
-83.2631230000 41.2842307073
-83.2682950000 41.2139533382
-83.2329860000 41.2036245192
-83.2034760000 41.1558523096
-83.1527790000 41.1512475264
-83.1447220000 41.1332913025
-83.0978470000 41.1508553434
-83.0499270000 41.1341580051
-83.0221940000 41.1466620081
-83.0022280000 41.1816626074
-82.9549100000 41.2021996818
-82.9280320000 41.2517313126
-82.8888320000 41.2797555513
-82.9248280000 41.3601124310
-82.9755630000 41.3561627662
-83.0116810000 41.3962460018
-83.0488510000 41.3712983369
-83.0837100000 41.4192452330
-83.1767430000 41.4766263051
-83.2178570000 41.4393486249
-83.2208480000 41.4044505396
-83.2441860000 41.3821789529
-83.2642670000 41.3765438252
-83.1991350000 41.3536098840
-83.2170490000 41.3407384246
-83.2217710000 41.3064012272
-83.2631230000 41.2842307073
21
24
-82.7107930000 40.2350887193
-82.7521670000 40.2663836112
-82.7626340000 40.4108729701
-82.8308720000 40.3949314691
-82.8294140000 40.4607029777
-82.9253850000 40.4884381763
-82.9483800000 40.5092509259
-83.0299760000 40.5133729332
-83.0465550000 40.5374530979
-83.0887600000 40.5338785059
-83.0926280000 40.5040009853
-83.1347120000 40.4514471287
-83.1243970000 40.3859401454
-83.1108470000 40.2968097389
-83.1265340000 40.1727987693
-83.0700380000 40.1885784636
-83.0533600000 40.1470584639
-83.0000310000 40.1229194688
-82.9794010000 40.0934577866
-82.8926700000 40.1450556451
-82.8687520000 40.1869152035
-82.8220600000 40.2132380897
-82.7327040000 40.2177581056
-82.7107930000 40.2350887193
21
17
-88.8158490000 39.8197215588
-88.9333880000 40.1593312060
-88.9726260000 40.1635949527
-88.9661030000 40.1654738251
-89.0296100000 40.1421488078
-89.0865250000 40.0847598558
-89.1135860000 40.0243330750
-89.1095050000 40.0311843351
-89.1757280000 39.9549253111
-89.1742100000 39.8929341799
-89.1118390000 39.8501149334
-89.1007690000 39.8070484180
-89.0797350000 39.7717919645
-89.0514760000 39.7997265931
-89.0483930000 39.7836873557
-88.9973680000 39.7773116918
-88.8158490000 39.8197215588
21
26
-84.8473210000 40.5656725571
-84.7475360000 40.6128891327
-84.7535020000 40.6233648755
-84.7462460000 40.6134330198
-84.6883010000 40.6475792798
-84.6905520000 40.6636116317
-84.6593090000 40.6538106018
-84.6584400000 40.6750363062
-84.6667020000 40.6744630190
-84.6538310000 40.6976940554
-84.6928630000 40.6829465111
-84.6785960000 40.6992930978
-84.7040480000 40.7061745961
-84.6822200000 40.7384642571
-84.6999970000 40.7351334529
-84.6980970000 40.7528970039
-84.7417300000 40.7546524383
-84.7335970000 40.7688993404
-84.7447200000 40.7743297094
-85.0250550000 40.7310509784
-85.0301590000 40.6706874929
-85.0396580000 40.5622709427
-85.0023190000 40.5580320248
-85.0021590000 40.5476455289
-84.9169690000 40.5462457853
-84.8473210000 40.5656725571
21
57
-83.9432370000 40.1914590881
-84.0555340000 40.2151166911
-84.0485760000 40.2304384243
-84.1010590000 40.2521685759
-84.1085660000 40.2656254723
-84.0941090000 40.2704359226
-84.1186140000 40.2983315541
-84.1379320000 40.2787384859
-84.1487120000 40.2565659944
-84.1721650000 40.2621818632
-84.1915890000 40.2350648389
-84.2174150000 40.2318385161
-84.2179030000 40.1811417572
-84.2343900000 40.1874616641
-84.2403640000 40.1635761139
-84.2561800000 40.1735988704
-84.2719570000 40.1432926973
-84.2614970000 40.1312517870
-84.2808610000 40.1249406509
-84.2656860000 40.1048286700
-84.3000560000 40.0897380717
-84.2890010000 40.0673124370
-84.2967150000 40.0291651498
-84.2787780000 40.0265778962
-84.2923510000 40.0184880103
-84.2803570000 40.0033108312
-84.3246840000 39.9613554893
-84.3164600000 39.9275226643
-84.3027880000 39.9277519267
-84.3312000000 39.9036022353
-84.3138120000 39.8837524441
-84.3504330000 39.8620013253
-84.3580320000 39.8263278262
-84.3617320000 39.8031772395
-84.2972340000 39.8094345135
-84.2562330000 39.8429763001
-84.2581330000 39.8198216693
-84.2345350000 39.8040605650
-84.2215350000 39.8275830563
-84.1627350000 39.8048087707
-84.1439290000 39.8359721222
-84.1459350000 39.8225810065
-84.1236800000 39.8397532629
-84.0917660000 39.8221179829
-84.0330280000 39.8630128951
-83.9592290000 39.8486153129
-83.9318240000 39.8721550687
-83.9229970000 39.9215783220
-83.8710170000 39.9458816899
-83.8878710000 39.9706487490
-83.8681950000 39.9808955742
-83.8652500000 40.0070798216
-83.8855510000 40.0261853622
-83.9246670000 40.0166847783
-83.9686740000 40.0871868132
-83.9412610000 40.1306968622
-83.9432370000 40.1914590881
21
28
-84.1379320000 40.2787384859
-84.1431270000 40.3188822323
-84.1295700000 40.3253459664
-84.1682820000 40.3601606207
-84.1597820000 40.3999600349
-84.2029040000 40.4868515395
-84.1994710000 40.5341432859
-84.3008580000 40.5339894612
-84.2983020000 40.5485358271
-84.3478470000 40.5544768287
-84.3743360000 40.4708581200
-84.4468540000 40.4873997390
-84.5029750000 40.2893355928
-84.2890010000 40.0673124370
-84.3000560000 40.0897380717
-84.2656860000 40.1048286700
-84.2808610000 40.1249406509
-84.2614970000 40.1312517870
-84.2719570000 40.1432926973
-84.2561800000 40.1735988704
-84.2403640000 40.1635761139
-84.2343900000 40.1874616641
-84.2179030000 40.1811417572
-84.2174150000 40.2318385161
-84.1915890000 40.2350648389
-84.1721650000 40.2621818632
-84.1487120000 40.2565659944
-84.1379320000 40.2787384859
21
29
-86.1135560000 39.9536445908
-86.1667710000 39.7944858030
-86.1673580000 39.7619340483
-86.1357960000 39.7920187654
-86.1465530000 39.7469790254
-86.1246410000 39.7461825070
-86.1006390000 39.7073199832
-86.1080550000 39.7355183037
-86.0966260000 39.7532001002
-86.0644680000 39.7489784784
-86.0776600000 39.7426051335
-86.0775830000 39.6937844471
-86.0557250000 39.6639892785
-86.0705180000 39.6344357000
-86.0466000000 39.6358033149
-86.0519260000 39.6195006207
-86.0346220000 39.6028336324
-86.0519260000 39.5935998622
-86.0010220000 39.5740515793
-85.9768300000 39.5305042156
-85.8160250000 39.6474194622
-85.7392580000 39.6788738309
-85.7561800000 40.0139248212
-85.7745510000 40.0338871007
-85.7443240000 40.0902977766
-85.9058300000 40.0630956748
-86.0563810000 40.0868279107
-86.0776370000 39.9447727558
-86.1135560000 39.9536445908
21
17
-84.4763260000 41.8293317726
-84.5317310000 42.1480471651
-84.6157300000 42.1613514934
-84.6555560000 42.1458943272
-84.6600800000 42.1293686858
-84.7749630000 42.1145774204
-84.7858430000 42.0560335225
-84.7742160000 41.9257818950
-84.6742480000 41.8471499853
-84.6741330000 41.8147652159
-84.6572950000 41.8156089240
-84.6422960000 41.7837068036
-84.6213530000 41.7509445114
-84.5805970000 41.7398581597
-84.5572970000 41.7654473059
-84.4879840000 41.7863393323
-84.4763260000 41.8293317726
21
26
-83.4988940000 41.2021806333
-83.5750660000 41.2121460612
-83.5779800000 41.1540017381
-83.6101610000 41.1467064280
-83.6596980000 41.1735843770
-83.7177120000 41.1420094547
-83.7594220000 41.1361325436
-83.7758260000 41.1211468944
-83.7688600000 41.0342256772
-83.7564320000 41.0109844175
-83.6670150000 40.9495700384
-83.6749570000 40.9404051175
-83.6311110000 40.9164048088
-83.6124040000 40.9270639579
-83.5600130000 40.9099053378
-83.5240710000 40.9246393029
-83.4951100000 40.9625863546
-83.5061420000 40.9716369114
-83.4963230000 40.9971009813
-83.4443210000 41.0645936749
-83.4338840000 41.1809503543
-83.4685360000 41.1616720765
-83.4555740000 41.1787374528
-83.4795990000 41.1727173070
-83.4636380000 41.2012790098
-83.4988940000 41.2021806333
21
11
-85.3330920000 42.0767956420
-85.2293470000 41.9368510091
-85.2117690000 41.8775518527
-85.1682360000 41.8839929168
-85.0741960000 41.8982684873
-84.9344020000 41.9817606623
-85.0241700000 42.1094692688
-85.1725310000 42.0150166288
-85.2119750000 42.0236134196
-85.2588420000 42.0786737839
-85.3330920000 42.0767956420
21
24
-84.1941070000 41.6106566546
-84.1022420000 41.7227094527
-84.1312330000 41.7522743501
-84.1734850000 41.7587564710
-84.1581730000 41.7725155635
-84.1834410000 41.7706193977
-84.1617970000 41.8432037238
-84.2126010000 41.8411309175
-84.2054440000 41.8793964966
-84.4114230000 41.8580932432
-84.4331590000 41.8177591364
-84.4763260000 41.8293317726
-84.4879840000 41.7863393323
-84.5572970000 41.7654473059
-84.5271300000 41.6892475672
-84.4624100000 41.6265113427
-84.4611130000 41.5808259967
-84.4331130000 41.5179340278
-84.4425960000 41.4977689679
-84.3343810000 41.5048982862
-84.3425370000 41.5127378585
-84.3048860000 41.5257708826
-84.2892680000 41.5346572781
-84.1941070000 41.6106566546
21
12
-87.7335050000 39.8797391566
-87.7660450000 39.8451004351
-87.8603820000 39.8169522936
-87.8770070000 39.8271725705
-88.1573330000 39.7110110306
-88.1107410000 39.5607919767
-88.0705340000 39.4749859161
-87.8525160000 39.4572457454
-87.8530430000 39.4207010334
-87.6940540000 39.4238476687
-87.6599730000 39.8354376930
-87.7335050000 39.8797391566
21
12
-85.3139420000 41.7647944266
-85.2789690000 41.7701798608
-85.1682360000 41.8839929168
-85.2117690000 41.8775518527
-85.2293470000 41.9368510091
-85.3330920000 42.0767956420
-85.4185330000 42.0759636310
-85.4521710000 42.0419781486
-85.4374470000 41.9044435701
-85.4152760000 41.8452088024
-85.4331360000 41.8049340303
-85.3139420000 41.7647944266
21
18
-85.4331360000 41.8049340303
-85.4694750000 41.7851444616
-85.4979630000 41.7344898254
-85.5975800000 41.7046957011
-85.6379620000 41.6218639748
-85.5805970000 41.5806015796
-85.5694960000 41.5725662751
-85.5853200000 41.5696478808
-85.4674610000 41.5005245703
-85.4481200000 41.5242531569
-85.4264980000 41.5102889560
-85.4088520000 41.5239868247
-85.3390810000 41.5272427563
-85.2830510000 41.5931327967
-85.3251500000 41.6516594113
-85.3430330000 41.7265764775
-85.3139420000 41.7647944266
-85.4331360000 41.8049340303
21
13
-85.4240190000 41.3250152833
-85.4288480000 41.2878519160
-85.4366230000 41.2701806367
-85.4683690000 41.2597489927
-85.5166550000 41.1520560123
-85.4890520000 41.1260838981
-85.3994520000 41.0613957767
-85.1677550000 41.1018607041
-85.1694950000 41.1347391952
-85.1314620000 41.1324296837
-85.1260680000 41.1601907621
-85.1017300000 41.1842247324
-85.4240190000 41.3250152833
21
26
-84.9011760000 40.0229322833
-84.9061740000 39.9488401638
-84.8676300000 39.8916968731
-84.8351590000 39.8739893684
-84.7669450000 39.8256933344
-84.6784520000 39.8516471244
-84.6030430000 39.7260079247
-84.5842440000 39.7446370052
-84.5781400000 39.7108822853
-84.4161380000 39.8108096423
-84.3580320000 39.8263278262
-84.3504330000 39.8620013253
-84.3138120000 39.8837524441
-84.3312000000 39.9036022353
-84.3027880000 39.9277519267
-84.3164600000 39.9275226643
-84.3246840000 39.9613554893
-84.2803570000 40.0033108312
-84.2923510000 40.0184880103
-84.2787780000 40.0265778962
-84.2967150000 40.0291651498
-84.2890010000 40.0673124370
-84.5029750000 40.2893355928
-84.5621260000 40.3186469899
-84.7207410000 40.1758610453
-84.9011760000 40.0229322833
21
44
-87.8133770000 40.3172078728
-87.8517300000 40.2766712643
-87.8200450000 40.2542164049
-87.8196180000 40.2762638610
-87.7958830000 40.2766951553
-87.8066940000 40.2451479641
-87.7936550000 40.2419263252
-87.8022840000 40.2133813396
-87.7861630000 40.1971238601
-87.8046110000 40.1795602762
-87.7599640000 40.1461242284
-87.7748180000 40.1261609134
-87.7416230000 40.1356159693
-87.7463150000 40.1130501912
-87.7067110000 40.0983699413
-87.7052310000 40.0793163684
-87.6806720000 40.0645372067
-87.5213620000 40.0090646828
-87.4852220000 40.0359741148
-87.3729780000 40.0451843652
-87.3564830000 40.0560464095
-87.3602680000 40.0732809627
-87.3335490000 40.0738644103
-87.3071140000 40.1169716687
-87.3455280000 40.1426083709
-87.3720930000 40.1816015096
-87.3642200000 40.1887945388
-87.3887940000 40.2052478531
-87.3861310000 40.2475023565
-87.3722150000 40.2508398364
-87.3799670000 40.2671455280
-87.3409190000 40.2705515977
-87.3379290000 40.2977932563
-87.2989270000 40.3411171705
-87.3099440000 40.3493164696
-87.2958760000 40.3688323077
-87.3285370000 40.3773549991
-87.3527150000 40.4133800891
-87.3613740000 40.4918219988
-87.3497470000 40.5288188306
-87.3750460000 40.5938134344
-87.4965740000 40.4913128423
-87.5918960000 40.4580547571
-87.8133770000 40.3172078728
21
19
-87.0384140000 40.5819646794
-87.1312870000 40.5993775157
-87.4085390000 40.7367482969
-87.4953540000 40.6914598187
-87.4825590000 40.6325316357
-87.3968430000 40.6176883191
-87.3750460000 40.5938134344
-87.3497470000 40.5288188306
-87.3613740000 40.4918219988
-87.3527150000 40.4133800891
-87.3285370000 40.3773549991
-87.2958760000 40.3688323077
-87.2158660000 40.3548082340
-87.1590580000 40.3958102527
-87.0998610000 40.3993493910
-87.1046750000 40.4547187602
-87.1355970000 40.4859668656
-87.1134260000 40.4694065984
-87.0384140000 40.5819646794
21
26
-84.7252270000 41.3861017333
-84.7316590000 41.3770540134
-84.7140810000 41.3608158833
-84.6898500000 41.3685898321
-84.6790700000 41.3529840761
-84.6782840000 41.3671052132
-84.6489560000 41.3633155356
-84.6510850000 41.3231003043
-84.6391450000 41.3278344178
-84.6483990000 41.3109056388
-84.6337360000 41.2934384380
-84.6531300000 41.2862808864
-84.6250760000 41.2853644647
-84.6217040000 41.2982485822
-84.4018400000 41.4017028866
-84.4223710000 41.4136371246
-84.4231260000 41.4643260923
-84.4425960000 41.4977689679
-84.4331130000 41.5179340278
-84.4611130000 41.5808259967
-84.4624100000 41.6265113427
-84.5271300000 41.6892475672
-84.5572970000 41.7654473059
-84.5805970000 41.7398581597
-84.7404400000 41.5857339830
-84.7252270000 41.3861017333
21
17
-88.8131180000 39.5935474286
-89.0669170000 39.5933039868
-89.0639040000 39.6114789268
-89.1040880000 39.6235591748
-89.1235280000 39.6087306773
-89.1256480000 39.5673953388
-89.1674270000 39.5767326785
-89.1978070000 39.5514374731
-89.1996770000 39.5232846314
-89.1652680000 39.4647458629
-89.1747440000 39.4404499026
-89.0268330000 39.3683287443
-88.9417570000 39.3670795234
-88.9069370000 39.3490653949
-88.8346250000 39.2567736599
-88.8163990000 39.2566417908
-88.8131180000 39.5935474286
21
32
-85.1677550000 41.1018607041
-85.1526790000 41.0080836274
-85.1389690000 41.0002143104
-85.1466450000 41.0118499831
-85.1255190000 41.0321125960
-85.0942920000 40.9959175127
-85.0305020000 41.0003929783
-84.9872440000 41.0181639124
-84.9535450000 41.0685550617
-84.9215240000 41.0776983421
-84.8826680000 41.0619334014
-84.7962270000 41.0997854121
-84.8187940000 41.1055585425
-84.8171230000 41.1377784474
-84.8379290000 41.1491076743
-84.8309860000 41.1763646411
-84.8498990000 41.1967354680
-84.8257750000 41.2075867486
-84.8426670000 41.2279123390
-84.8271640000 41.2450521352
-84.8399810000 41.2652944302
-84.8634340000 41.2567337047
-84.8647610000 41.2861550526
-84.9032820000 41.2563791956
-85.0238650000 41.3015614216
-85.0464250000 41.2780969640
-85.0479200000 41.2294633274
-85.1017300000 41.1842247324
-85.1260680000 41.1601907621
-85.1314620000 41.1324296837
-85.1694950000 41.1347391952
-85.1677550000 41.1018607041
21
14
-83.7594220000 41.1361325436
-83.8810810000 41.3107212880
-83.9523390000 41.3316175589
-83.9510650000 41.3454632636
-83.9741210000 41.3383614701
-83.9652940000 41.3529993396
-83.9794080000 41.3603503067
-83.9781800000 41.3818837650
-84.0805280000 41.2838710092
-83.9665600000 41.0504550273
-83.8534090000 41.0147116026
-83.7688600000 41.0342256772
-83.7758260000 41.1211468944
-83.7594220000 41.1361325436
21
22
-83.7080840000 40.7785240507
-83.6311110000 40.9164048088
-83.6749570000 40.9404051175
-83.6670150000 40.9495700384
-83.7564320000 41.0109844175
-83.7688600000 41.0342256772
-83.8534090000 41.0147116026
-83.9665600000 41.0504550273
-83.9914700000 41.0317690822
-83.9866100000 41.0127535762
-84.0080640000 40.9592906246
-84.0274510000 40.9720232738
-84.0021740000 40.9323768945
-83.9641040000 40.9423578275
-83.9653090000 40.8873024975
-83.9063570000 40.8327235455
-83.8657760000 40.8237597862
-83.8305280000 40.8401840919
-83.8216020000 40.8153697670
-83.7773440000 40.8333610460
-83.7220760000 40.7783559195
-83.7080840000 40.7785240507
21
11
-88.4856800000 39.5650439855
-88.1107410000 39.5607919767
-88.1573330000 39.7110110306
-88.1926190000 39.8007575201
-88.2403340000 39.8544887528
-88.3085170000 39.9389313300
-88.3426210000 39.9543852009
-88.4320450000 39.9376220077
-88.4827580000 39.9056801278
-88.4844210000 39.8048425527
-88.4856800000 39.5650439855
21
19
-84.8351590000 39.8739893684
-84.8676300000 39.8916968731
-84.9061740000 39.9488401638
-84.9011760000 40.0229322833
-84.9543530000 40.0053620662
-85.0432210000 40.1103639975
-85.2052840000 39.8738115713
-85.2319560000 39.7834296690
-85.2544780000 39.7654933865
-85.2751460000 39.7492785875
-85.2434620000 39.6989434723
-85.2154770000 39.6951291662
-85.2339020000 39.7350169442
-85.1188740000 39.6616105638
-85.0642550000 39.7006457118
-84.9619520000 39.7715142980
-84.9467470000 39.8256883285
-84.9080510000 39.8090478794
-84.8351590000 39.8739893684
21
26
-84.3580320000 39.8263278262
-84.4161380000 39.8108096423
-84.5781400000 39.7108822853
-84.5918430000 39.7033816068
-84.5726390000 39.6836359278
-84.5954440000 39.6752652417
-84.5777360000 39.6580226145
-84.5815430000 39.6316680572
-84.6231610000 39.6192908294
-84.6341090000 39.5885463858
-84.6753230000 39.5781319225
-84.6738740000 39.5521712245
-84.7780380000 39.3817037746
-84.2273710000 39.3678865955
-84.3070370000 39.4710708026
-84.3227390000 39.5748042267
-84.3491360000 39.6002054878
-84.3449400000 39.6334203055
-84.3561400000 39.6400386735
-84.3185350000 39.6682733631
-84.3449400000 39.6741457071
-84.3149340000 39.6992621712
-84.3230360000 39.7428914685
-84.2972340000 39.8094345135
-84.3617320000 39.8031772395
-84.3580320000 39.8263278262
21
42
-83.5791850000 40.5131939309
-83.5484700000 40.4593901968
-83.5543670000 40.4273637579
-83.5356140000 40.3975388868
-83.5497970000 40.3516445159
-83.5347980000 40.3187237267
-83.5478520000 40.2970499577
-83.5037160000 40.3073510129
-83.4765550000 40.3512707662
-83.4494090000 40.3528777744
-83.3977660000 40.3002546101
-83.3498230000 40.3410794222
-83.3575360000 40.3264404922
-83.2697750000 40.3779503953
-83.2141490000 40.4342341967
-83.1953050000 40.3947577278
-83.1243970000 40.3859401454
-83.1347120000 40.4514471287
-83.0926280000 40.5040009853
-83.0887600000 40.5338785059
-83.0465550000 40.5374530979
-83.0299760000 40.5133729332
-82.9483800000 40.5092509259
-82.9504780000 40.5212922318
-82.9998860000 40.5405499266
-83.0013430000 40.5619959937
-83.0180660000 40.5675771113
-83.0125500000 40.6099047505
-83.0572050000 40.6224877506
-83.0833820000 40.6683363892
-83.1324920000 40.6392289974
-83.1501690000 40.6702392382
-83.2486340000 40.7193832330
-83.3460850000 40.7285252653
-83.3909070000 40.7572508955
-83.4276280000 40.7361405159
-83.4447780000 40.6863626024
-83.4792330000 40.6609766285
-83.4991070000 40.6603314616
-83.4964070000 40.6891473456
-83.5223540000 40.6798967602
-83.5791850000 40.5131939309
21
31
-87.8133770000 40.3172078728
-87.8283000000 40.3271072785
-87.8013080000 40.3531709903
-88.0523610000 40.1654738251
-88.0888290000 40.1558726258
-88.0830080000 40.1115514363
-88.0960540000 40.1022481380
-88.0419160000 40.0957946052
-87.9750140000 39.9617715673
-87.8770070000 39.8271725705
-87.8603820000 39.8169522936
-87.7660450000 39.8451004351
-87.7335050000 39.8797391566
-87.7121430000 39.9027229960
-87.6806720000 40.0645372067
-87.7052310000 40.0793163684
-87.7067110000 40.0983699413
-87.7463150000 40.1130501912
-87.7416230000 40.1356159693
-87.7748180000 40.1261609134
-87.7599640000 40.1461242284
-87.8046110000 40.1795602762
-87.7861630000 40.1971238601
-87.8022840000 40.2133813396
-87.7936550000 40.2419263252
-87.8066940000 40.2451479641
-87.7958830000 40.2766951553
-87.8196180000 40.2762638610
-87.8200450000 40.2542164049
-87.8517300000 40.2766712643
-87.8133770000 40.3172078728
21
27
-82.6406710000 40.7833228705
-82.7620470000 40.8282371316
-82.7667310000 40.8109752350
-82.8667450000 40.7970443514
-82.9007570000 40.7618261753
-82.9407040000 40.7783989004
-82.9453960000 40.7292340753
-82.9029460000 40.6829174654
-82.9021000000 40.6023666106
-82.8785550000 40.5540770509
-82.9253850000 40.4884381763
-82.8294140000 40.4607029777
-82.8308720000 40.3949314691
-82.7626340000 40.4108729701
-82.7521670000 40.2663836112
-82.7107930000 40.2350887193
-82.6721950000 40.2632844582
-82.6473310000 40.3210560507
-82.6647950000 40.3428699688
-82.6187970000 40.3641552873
-82.5883870000 40.4385594925
-82.5988690000 40.5099391751
-82.6241300000 40.5133767149
-82.5983510000 40.6852398881
-82.6143040000 40.7208335678
-82.5635450000 40.7384693115
-82.6406710000 40.7833228705
21
45
-84.3373870000 41.0006438743
-84.3449250000 40.9874486742
-84.3816760000 41.0106409815
-84.3675460000 40.9542712561
-84.3909610000 40.9423958184
-84.4165880000 40.9753232539
-84.4357450000 40.9438546796
-84.4792180000 40.9488988171
-84.4631200000 40.8862355892
-84.4828570000 40.8865735054
-84.5255970000 40.8457235973
-84.4945680000 40.8175260085
-84.5031200000 40.8008553175
-84.4839710000 40.7692178729
-84.4498440000 40.7533848319
-84.4650190000 40.7373611362
-84.4429630000 40.7292100692
-84.4466170000 40.6963501736
-84.4287260000 40.7025367367
-84.4182740000 40.6831106827
-84.4226760000 40.6548799160
-84.3724370000 40.6219147843
-84.3478470000 40.5544768287
-84.2983020000 40.5485358271
-84.3008580000 40.5339894612
-84.1994710000 40.5341432859
-84.1723630000 40.5771584872
-84.0904850000 40.5888375828
-84.1265260000 40.6890841985
-84.0889890000 40.7172191428
-84.0982740000 40.7837084555
-84.0820920000 40.8441701245
-84.1090010000 40.8628767657
-84.0748600000 40.8927587279
-84.1218340000 40.8970077459
-84.0804210000 40.9510581407
-84.1084060000 40.9477336895
-84.1284560000 40.9691718302
-84.1647340000 40.9618707077
-84.1816640000 40.9837618527
-84.2148130000 40.9720612767
-84.2355730000 40.9944768436
-84.2614210000 40.9804755099
-84.2703480000 41.0326639953
-84.3373870000 41.0006438743
21
36
-86.5929410000 40.5867585017
-86.6407390000 40.6559202050
-86.6387630000 40.7094172098
-86.8233340000 40.8054276700
-86.8630520000 40.7718988978
-86.8185580000 40.7258126317
-86.9040910000 40.6708213384
-86.9477690000 40.6710625133
-87.0384140000 40.5819646794
-87.1134260000 40.4694065984
-87.1355970000 40.4859668656
-87.1046750000 40.4547187602
-87.0998610000 40.3993493910
-87.0946960000 40.3498538028
-87.1246260000 40.3281540167
-87.1352920000 40.2952703409
-87.1035920000 40.2887835129
-87.0703350000 40.3418142594
-87.0280300000 40.3309093086
-86.9858860000 40.2798136099
-86.9698180000 40.1995147495
-86.9104920000 40.1727083345
-86.9197850000 40.1606147054
-86.8993760000 40.1433416676
-86.8527600000 40.1917656229
-86.8261870000 40.2456369388
-86.8089370000 40.2425548064
-86.8165210000 40.2889520290
-86.7759170000 40.2866783450
-86.7616810000 40.2606090846
-86.6120450000 40.3734554355
-86.6658020000 40.5744830205
-86.6271740000 40.5887606257
-86.5979610000 40.5528802501
-86.5766600000 40.5704983436
-86.5929410000 40.5867585017
21
17
-85.0238650000 41.3015614216
-84.9032820000 41.2563791956
-84.8647610000 41.2861550526
-84.8652110000 41.3118617261
-84.7252270000 41.3861017333
-84.7404400000 41.5857339830
-84.7930680000 41.5684864135
-84.8704220000 41.5915323481
-84.8848950000 41.5854712990
-84.9053340000 41.6130367888
-84.9975130000 41.5645609918
-84.9568560000 41.5602571160
-84.9612120000 41.5525881472
-84.9994890000 41.4671774871
-85.0078350000 41.3612916389
-85.0042040000 41.3405629170
-85.0238650000 41.3015614216
21
20
-83.7080840000 40.7785240507
-83.7220760000 40.7783559195
-83.7492830000 40.7768414880
-83.8220290000 40.7145636840
-83.8071520000 40.6802541379
-83.8628770000 40.6549089530
-83.8590240000 40.6429704380
-83.9055940000 40.5593941079
-83.8852690000 40.5281027062
-83.8290710000 40.4887544987
-83.7429200000 40.4980820758
-83.7355580000 40.5300317158
-83.7008900000 40.5152335681
-83.6748120000 40.5266112181
-83.6423190000 40.5575023311
-83.6219020000 40.5188830910
-83.5791850000 40.5131939309
-83.5223540000 40.6798967602
-83.6236040000 40.7248334750
-83.7080840000 40.7785240507
21
24
-85.7379230000 40.8992329566
-85.7221680000 40.8925220442
-85.6425480000 40.9276046075
-85.6134260000 40.9725743180
-85.5774150000 40.9904704561
-85.5855410000 41.0206290209
-85.5271300000 41.0761397361
-85.5340040000 41.0932959834
-85.4890520000 41.1260838981
-85.5166550000 41.1520560123
-85.4683690000 41.2597489927
-85.4366230000 41.2701806367
-85.4288480000 41.2878519160
-85.5569460000 41.2316240842
-85.7134550000 41.2479844598
-85.8826600000 41.1882927906
-85.9382710000 41.1359828020
-85.9056170000 41.1237746014
-85.9034730000 41.0622478625
-85.8555600000 41.0683952842
-85.8132780000 40.9972416301
-85.8370970000 41.0006197984
-85.8380740000 40.9844041853
-85.7379230000 40.8992329566
21
33
-85.0305020000 41.0003929783
-85.0006710000 40.9520624649
-85.0250550000 40.7310509784
-84.7447200000 40.7743297094
-84.7241520000 40.7777959057
-84.7282870000 40.7938998521
-84.6905980000 40.7939049095
-84.7069020000 40.8017227323
-84.6884920000 40.8070285520
-84.7050480000 40.8197025350
-84.6946030000 40.8381184046
-84.7156220000 40.8464193793
-84.7032170000 40.8719556303
-84.7164690000 40.9037531581
-84.7207870000 40.9309182126
-84.6889500000 40.9536038005
-84.7097630000 40.9626192872
-84.7652970000 40.9449994963
-84.7735370000 40.9621316332
-84.7583310000 40.9764595888
-84.7827000000 41.0025686999
-84.7759700000 41.0201030411
-84.7971340000 40.9945351288
-84.7975690000 41.0332103275
-84.8267060000 41.0327083609
-84.7966380000 41.0555480406
-84.8198850000 41.0745393070
-84.7962270000 41.0997854121
-84.8826680000 41.0619334014
-84.9215240000 41.0776983421
-84.9535450000 41.0685550617
-84.9872440000 41.0181639124
-85.0305020000 41.0003929783
21
33
-84.7858430000 42.0560335225
-84.8148420000 42.0433955071
-84.8120350000 42.0332514962
-84.8341450000 42.0453549838
-84.9344020000 41.9817606623
-85.0741960000 41.8982684873
-85.0686490000 41.8628932391
-85.0423510000 41.8687922185
-85.0033490000 41.8437753202
-85.0297780000 41.7882754390
-84.9796520000 41.7958017223
-84.9924320000 41.7653936444
-84.9556730000 41.7395758769
-84.9548870000 41.6830728682
-84.9397580000 41.6821614425
-84.9371190000 41.7155045510
-84.9149020000 41.7257054888
-84.9091950000 41.7123083704
-84.9280240000 41.6916922854
-84.8806150000 41.6713807526
-84.8987500000 41.6219749578
-84.8700940000 41.6087599892
-84.8704220000 41.5915323481
-84.7930680000 41.5684864135
-84.7404400000 41.5857339830
-84.5805970000 41.7398581597
-84.6213530000 41.7509445114
-84.6422960000 41.7837068036
-84.6572950000 41.8156089240
-84.6741330000 41.8147652159
-84.6742480000 41.8471499853
-84.7742160000 41.9257818950
-84.7858430000 42.0560335225
21
28
-85.1682360000 41.8839929168
-85.2789690000 41.7701798608
-85.3139420000 41.7647944266
-85.3430330000 41.7265764775
-85.3251500000 41.6516594113
-85.2830510000 41.5931327967
-84.9975130000 41.5645609918
-84.9053340000 41.6130367888
-84.8848950000 41.5854712990
-84.8704220000 41.5915323481
-84.8700940000 41.6087599892
-84.8987500000 41.6219749578
-84.8806150000 41.6713807526
-84.9280240000 41.6916922854
-84.9091950000 41.7123083704
-84.9149020000 41.7257054888
-84.9371190000 41.7155045510
-84.9397580000 41.6821614425
-84.9548870000 41.6830728682
-84.9556730000 41.7395758769
-84.9924320000 41.7653936444
-84.9796520000 41.7958017223
-85.0297780000 41.7882754390
-85.0033490000 41.8437753202
-85.0423510000 41.8687922185
-85.0686490000 41.8628932391
-85.0741960000 41.8982684873
-85.1682360000 41.8839929168
21
19
-87.8013080000 40.3531709903
-87.8283000000 40.3271072785
-87.8133770000 40.3172078728
-87.5918960000 40.4580547571
-87.4965740000 40.4913128423
-87.3750460000 40.5938134344
-87.3968430000 40.6176883191
-87.4825590000 40.6325316357
-87.4953540000 40.6914598187
-87.7343220000 40.6798108887
-87.9330440000 40.4798033639
-87.9437790000 40.4593813778
-87.9292530000 40.3902720385
-87.9015050000 40.3776722076
-87.8459470000 40.4045557288
-87.8451310000 40.3748677185
-87.8594740000 40.3542658388
-87.8138890000 40.3630653583
-87.8013080000 40.3531709903
21
67
-86.0474850000 40.4422060449
-86.0669170000 40.4513463486
-86.0500870000 40.4750263291
-86.0568920000 40.5053900167
-86.1127700000 40.5882938381
-86.1662450000 40.5956567364
-86.1771770000 40.5743480508
-86.1996380000 40.5997913653
-86.2321700000 40.6000134317
-86.2460560000 40.6333167144
-86.2580180000 40.6154117352
-86.2754900000 40.6231957601
-86.3026200000 40.6137800491
-86.3010790000 40.6247607198
-86.3110280000 40.6045760028
-86.3435520000 40.6242066706
-86.3525770000 40.6151656554
-86.3460920000 40.5823456531
-86.3657990000 40.5959797281
-86.3742220000 40.5796221030
-86.3851930000 40.5988627297
-86.4100040000 40.5899540986
-86.4325490000 40.6119603677
-86.4467470000 40.6005042508
-86.4454420000 40.6186461666
-86.4658580000 40.6096637326
-86.4550250000 40.6212219288
-86.4806520000 40.6237018450
-86.4699550000 40.6299934276
-86.4820180000 40.6454269440
-86.5048750000 40.6339616956
-86.4958040000 40.6490184058
-86.5100400000 40.6603125233
-86.5413360000 40.6306434346
-86.5230640000 40.6317604474
-86.5380020000 40.6167443630
-86.5756910000 40.6294595417
-86.5700230000 40.6055387638
-86.5929410000 40.5867585017
-86.5766600000 40.5704983436
-86.5979610000 40.5528802501
-86.6271740000 40.5887606257
-86.6658020000 40.5744830205
-86.6120450000 40.3734554355
-86.4957660000 40.3356463340
-86.4689330000 40.2799909122
-86.1946870000 40.2884100120
-86.1896590000 40.3040744260
-86.1575700000 40.2984510365
-86.1614990000 40.3166367607
-86.1494220000 40.3159650165
-86.0957720000 40.2912358287
-86.1045150000 40.3176770930
-86.0801160000 40.3168518708
-86.0913930000 40.3061799817
-86.0650100000 40.3146064474
-86.0699010000 40.3416984970
-86.0567170000 40.3479574205
-86.0704190000 40.3636808016
-86.0515980000 40.3605985910
-86.0547490000 40.3714629190
-86.0404360000 40.3568192762
-86.0440520000 40.3718329726
-86.0189970000 40.3725479102
-86.0432970000 40.3863291390
-86.0323870000 40.4114925031
-86.0474850000 40.4422060449
21
46
-83.6353000000 41.3759522139
-83.6471020000 41.3554682532
-83.6597600000 41.3938625333
-83.6728590000 41.3881885217
-83.6848370000 41.4102579132
-83.6988980000 41.3914460414
-83.6880260000 41.4702276470
-83.7098160000 41.4478485602
-83.7087400000 41.4776809035
-83.7368850000 41.4733275786
-83.7258450000 41.5102596511
-83.7895200000 41.5108763299
-83.8037110000 41.4933318944
-83.8219380000 41.5200288878
-83.8484270000 41.5151052776
-83.9781800000 41.3818837650
-83.9794080000 41.3603503067
-83.9652940000 41.3529993396
-83.9741210000 41.3383614701
-83.9510650000 41.3454632636
-83.9523390000 41.3316175589
-83.8810810000 41.3107212880
-83.7594220000 41.1361325436
-83.7177120000 41.1420094547
-83.6596980000 41.1735843770
-83.6101610000 41.1467064280
-83.5779800000 41.1540017381
-83.5750660000 41.2121460612
-83.4988940000 41.2021806333
-83.4643630000 41.2233382807
-83.4641950000 41.2424641943
-83.5063550000 41.2491533499
-83.5142360000 41.2262991353
-83.5344240000 41.2584973758
-83.5159910000 41.2784757040
-83.5591810000 41.2849717154
-83.5488200000 41.3193645562
-83.5593110000 41.3231486234
-83.5861660000 41.3199710646
-83.6067810000 41.2965464440
-83.6215060000 41.3270002401
-83.5905230000 41.3550612150
-83.5967250000 41.3722003413
-83.6139760000 41.3750450840
-83.6122590000 41.3615969379
-83.6353000000 41.3759522139
