19
Worcester County
-75.2634420000 41.4816064587
Somerset County
-75.7687810000 41.2719509175
Howard County
-76.8600910000 42.6980878337
Kent County
-76.0537280000 42.7513696723
Charles County
-76.9722710000 41.8025604377
Prince George's County
-76.8821760000 42.2950514340
St. Mary's County
-76.5976260000 41.5114191126
Frederick County
-77.4139250000 43.0141770103
Baltimore County
-76.6126270000 42.8957045992
Washington County
-77.7744360000 43.2099345857
Caroline County
-75.8307580000 42.2550498571
Harford County
-76.2902450000 43.1061170517
Montgomery County
-77.1243860000 42.5089744372
Allegany County
-78.8026130000 43.2192983534
Talbot County
-76.1137780000 42.1187341760
Dorchester County
-75.9838750000 41.8339729981
Garrett County
-79.3091770000 43.0800096234
Queen Anne's County
-76.0994910000 42.4770626438
Wicomico County
-75.5945310000 41.6177513195
24
24
43
-75.7073590000 41.9475502027
-75.7630080000 42.0126068534
-75.7985840000 42.0023740208
-75.8024520000 42.0273419358
-75.8400420000 42.0356272161
-75.8968280000 42.0306605709
-75.9452440000 41.9971209784
-75.9915920000 41.8921194080
-76.0322950000 41.8662852339
-76.0845570000 41.9081582884
-76.1171950000 41.9027596481
-76.1392060000 41.9378904070
-76.2421110000 41.9827224477
-76.3101040000 41.9664310883
-76.3836520000 41.8721255906
-76.4388120000 41.8706852930
-76.4215620000 41.7728605574
-76.3386540000 41.6350910269
-76.2960130000 41.6683673374
-76.2616810000 41.5373655492
-76.2242580000 41.5160966045
-76.1827770000 41.4505441041
-76.1246640000 41.4241688365
-76.1175690000 41.4276987682
-76.1079640000 41.2957710217
-76.0716170000 41.2335867198
-76.0314100000 41.3252098351
-75.9889070000 41.3569196133
-75.9484560000 41.4121454199
-75.9232710000 41.4392416804
-75.9199300000 41.5355570525
-75.8572080000 41.5955838961
-75.8653950000 41.6199709060
-75.8383710000 41.6307060388
-75.8455730000 41.6745895546
-75.8213420000 41.6967951253
-75.8357320000 41.7147051762
-75.8157730000 41.7352446686
-75.8210830000 41.7534981764
-75.7597500000 41.7873041857
-75.7448880000 41.8226503535
-75.7015690000 41.8520095159
-75.7073590000 41.9475502027
24
11
-76.2332760000 43.3484330342
-76.0449450000 43.0613172170
-76.0395360000 42.9917324053
-76.0799260000 42.9387914840
-76.0502620000 42.9072985130
-75.9815060000 42.8887634523
-75.8858640000 42.8809485093
-75.8199540000 42.9084538462
-75.7664410000 42.9026061751
-75.7908330000 43.3496681531
-76.2332760000 43.3484330342
24
21
-78.9311750000 43.3503429253
-79.4767070000 43.3420847911
-79.4863590000 42.6809738502
-79.4259640000 42.7059902673
-79.3455430000 42.7944356087
-79.2900310000 42.8017403905
-79.2816540000 42.8325205080
-79.2538910000 42.8508720717
-79.2561420000 42.8762316737
-79.2134020000 42.8856306681
-79.1964040000 42.9169776344
-79.1766360000 42.9183892866
-79.1790620000 42.9272789326
-79.1617200000 42.9173282811
-79.1570510000 42.9544877246
-79.1441420000 42.9378389510
-79.1109310000 42.9728433767
-79.0947190000 43.0162274798
-79.1053540000 43.0276969799
-79.0676570000 43.0352240658
-78.9311750000 43.3503429253
24
46
-77.6771620000 42.8341480164
-77.6160510000 43.0212081259
-77.6219020000 43.0734457127
-77.5599750000 43.2203252726
-77.5198820000 43.2443424322
-77.4928440000 43.2908316822
-77.5080570000 43.3003481257
-77.4691470000 43.3467558998
-78.3423840000 43.3499112786
-78.3148880000 43.3004819660
-78.3429640000 43.2901417663
-78.3338010000 43.2724097590
-78.3631970000 43.2680945349
-78.3396380000 43.2588932264
-78.3338240000 43.2387598856
-78.2644350000 43.2168875410
-78.2235950000 43.2701897698
-78.2315670000 43.2874458181
-78.1746370000 43.3152303116
-78.0745930000 43.2774500788
-78.0089800000 43.1940509964
-77.9526820000 43.1997346027
-77.9428630000 43.1709815030
-77.9389950000 43.2159762007
-77.8874740000 43.1875008230
-77.8816380000 43.2109458204
-77.8330310000 43.1940263366
-77.8360370000 43.1474690912
-77.8886180000 43.1323721297
-77.8648450000 43.1098591577
-77.8620830000 43.0800666579
-77.8244400000 43.0967365376
-77.8451610000 43.0590933614
-77.7654040000 43.0539071703
-77.7980500000 43.0324606065
-77.7779310000 43.0113947674
-77.7987900000 43.0096513759
-77.7860490000 42.9889158919
-77.8032460000 42.9797392005
-77.7539750000 42.9629019403
-77.7364120000 42.9218143493
-77.7537460000 42.9073437946
-77.7448120000 42.8758216945
-77.7596130000 42.8506005526
-77.7244030000 42.8300256552
-77.6771620000 42.8341480164
24
39
-78.3423840000 43.3499112786
-78.9311750000 43.3503429253
-79.0676570000 43.0352240658
-79.0572130000 43.0231162590
-79.0477750000 43.0396278969
-78.9572830000 42.9834333313
-78.9423600000 43.0363849253
-78.9169160000 43.0431171692
-78.8506010000 43.1395720228
-78.8159940000 43.1425151823
-78.8259660000 43.1754425881
-78.7962570000 43.1985859116
-78.7953570000 43.2384534334
-78.7667310000 43.2534734164
-78.7775040000 43.2185375838
-78.7332150000 43.2106978786
-78.7767490000 43.1961548882
-78.7673490000 43.1750805547
-78.7337340000 43.1735117597
-78.7245250000 43.1442974684
-78.6630710000 43.1086117718
-78.4702150000 43.0820447402
-78.4486010000 43.1126535206
-78.4614410000 43.1262271895
-78.4379430000 43.1109613323
-78.4380260000 43.1296368143
-78.4172440000 43.1224675437
-78.4572980000 43.1728383152
-78.3957210000 43.1693037874
-78.4332890000 43.2169719249
-78.3748780000 43.2016556105
-78.3818590000 43.2273673208
-78.3338240000 43.2387598856
-78.3396380000 43.2588932264
-78.3631970000 43.2680945349
-78.3338010000 43.2724097590
-78.3429640000 43.2901417663
-78.3148880000 43.3004819660
-78.3423840000 43.3499112786
24
33
-77.0858000000 42.0387564946
-77.0477140000 41.9230276235
-77.0017470000 41.9723316017
-76.8624950000 41.9769582898
-76.7483900000 41.9253761723
-76.7405240000 41.8493751069
-76.6754530000 41.8202264455
-76.6722180000 41.9206701761
-76.6920240000 41.9469485160
-76.6833270000 41.9805542827
-76.7003780000 41.9880387029
-76.6874240000 42.0030529290
-76.7018660000 42.0436492499
-76.6861570000 42.0922219055
-76.7142410000 42.1308605149
-76.7022400000 42.1428306620
-76.7122040000 42.1740006763
-76.6976930000 42.1814123682
-76.6692500000 42.2923065870
-76.6902770000 42.3165491673
-76.6814190000 42.3256011429
-76.7003330000 42.3953451176
-76.7448650000 42.4375692913
-76.7478330000 42.4587080363
-76.8374400000 42.5050059418
-76.8275910000 42.5364817353
-76.8403780000 42.5482977951
-76.8885040000 42.5841754620
-77.0023880000 42.3715368668
-76.9105450000 42.2765227490
-77.0393450000 42.1474210664
-77.0438610000 42.0529485119
-77.0858000000 42.0387564946
24
23
-76.6741180000 41.7738891581
-76.7670970000 41.7909758329
-76.8224560000 41.6835400730
-76.8714600000 41.6340346302
-76.8499300000 41.6030715022
-76.8540190000 41.5660640810
-76.8216550000 41.4863741562
-76.8689580000 41.3554097413
-76.6049040000 41.3264521792
-76.5961300000 41.2734289308
-76.5356830000 41.2308149060
-76.5160830000 41.1711964630
-76.4522630000 41.1378469744
-76.3924410000 41.0862324573
-76.2361370000 40.9962558260
-76.2047200000 41.2118361733
-76.2056960000 41.2471078020
-76.3219070000 41.5539457225
-76.4616090000 41.5300527620
-76.4893800000 41.5548648059
-76.4996720000 41.6095673746
-76.6088940000 41.6786268814
-76.6741180000 41.7738891581
24
24
-75.3412480000 41.7130196163
-75.3174130000 41.6513965396
-75.3296590000 41.6226612694
-75.3072430000 41.5879910557
-75.3641050000 41.5068667170
-75.6129990000 41.4921178830
-75.6057510000 41.4542265706
-75.5458830000 41.3648878704
-75.5769270000 41.3162799435
-75.5396880000 41.2738406945
-75.5435100000 41.2492931094
-75.5717090000 41.2458334865
-75.5815890000 41.2243557066
-75.6185070000 41.2290454091
-75.6384050000 41.1944548918
-75.6606140000 41.1964929319
-75.6195450000 41.1446237905
-75.6243440000 41.1303334076
-75.2496340000 41.1715887318
-75.1875310000 41.2746642274
-75.1089320000 41.5180079333
-75.0742190000 41.5840303760
-75.0492630000 41.7114758237
-75.3412480000 41.7130196163
24
23
-77.4587480000 42.6993527963
-77.4788970000 42.6597871884
-77.5178450000 42.6333711210
-77.5205000000 42.5716213065
-77.4824910000 42.5531109928
-77.4573140000 42.5100177899
-77.3381500000 42.4958279305
-77.2484210000 42.4496775794
-77.2437820000 42.3923656906
-77.1471020000 42.3697067099
-77.1193010000 42.3328001745
-77.0379560000 42.4068932478
-77.0023880000 42.3715368668
-76.8885040000 42.5841754620
-76.9587330000 42.5884929251
-76.9507450000 42.6026830844
-77.0014570000 42.6346945148
-77.0114520000 42.6829432135
-77.0716090000 42.7442846230
-77.1340260000 42.7647069803
-77.1868740000 42.8521585662
-77.1688000000 42.8715099114
-77.4587480000 42.6993527963
24
34
-75.9484560000 41.4121454199
-75.9889070000 41.3569196133
-76.0314100000 41.3252098351
-76.0716170000 41.2335867198
-76.0811000000 41.2149846321
-76.2047200000 41.2118361733
-76.2361370000 40.9962558260
-76.0432820000 41.0791491753
-75.9436950000 41.0693488810
-75.9526750000 41.0195174961
-75.8139040000 41.0261272715
-75.7058720000 41.0798213347
-75.6521680000 41.0692956213
-75.6243440000 41.1303334076
-75.6195450000 41.1446237905
-75.6606140000 41.1964929319
-75.6384050000 41.1944548918
-75.6185070000 41.2290454091
-75.5815890000 41.2243557066
-75.5717090000 41.2458334865
-75.5435100000 41.2492931094
-75.5396880000 41.2738406945
-75.5769270000 41.3162799435
-75.5458830000 41.3648878704
-75.6057510000 41.4542265706
-75.6129990000 41.4921178830
-75.6631470000 41.5179582382
-75.6863560000 41.5071928818
-75.6977620000 41.4751017439
-75.7633210000 41.5012927903
-75.8024060000 41.4616097717
-75.8599010000 41.4439626331
-75.8734890000 41.4182154846
-75.9484560000 41.4121454199
24
29
-77.2167360000 43.3467025961
-77.4691470000 43.3467558998
-77.5080570000 43.3003481257
-77.4928440000 43.2908316822
-77.5198820000 43.2443424322
-77.5599750000 43.2203252726
-77.6219020000 43.0734457127
-77.6160510000 43.0212081259
-77.6771620000 42.8341480164
-77.6164550000 42.8059945701
-77.5657650000 42.8098793331
-77.5407330000 42.7571249072
-77.4868390000 42.7345516558
-77.4587480000 42.6993527963
-77.1688000000 42.8715099114
-77.1680830000 42.8721022198
-77.1074830000 43.0538138683
-77.1705780000 43.1058525428
-77.1674960000 43.1306108313
-77.2008900000 43.1633198008
-77.2905730000 43.1966948215
-77.3114170000 43.2408063895
-77.2759090000 43.2322713741
-77.2662280000 43.2714147190
-77.2343440000 43.2919061946
-77.2430730000 43.3140294569
-77.2151790000 43.3187147008
-77.2266010000 43.3302384528
-77.2167360000 43.3467025961
24
35
-76.8689580000 41.3554097413
-76.8216550000 41.4863741562
-76.8540190000 41.5660640810
-76.8499300000 41.6030715022
-76.8714600000 41.6340346302
-76.8224560000 41.6835400730
-76.7670970000 41.7909758329
-76.6741180000 41.7738891581
-76.6629940000 41.8083865218
-76.6754530000 41.8202264455
-76.7405240000 41.8493751069
-76.7483900000 41.9253761723
-76.8624950000 41.9769582898
-77.0017470000 41.9723316017
-77.0477140000 41.9230276235
-77.0858000000 42.0387564946
-77.1223830000 42.0120201128
-77.1364360000 41.9665437682
-77.1364970000 41.9450052228
-77.2255020000 41.9094276995
-77.2469020000 41.8886983132
-77.3185200000 41.7415889171
-77.3225170000 41.6861493153
-77.3041530000 41.6149488489
-77.2714080000 41.5649460047
-77.2352070000 41.5606370117
-77.1625900000 41.5778537889
-77.1377330000 41.6058889175
-77.0840530000 41.6072651331
-77.0409090000 41.6470694730
-77.0118870000 41.6139411539
-77.0274200000 41.5253962276
-76.9621890000 41.4638103291
-76.9484790000 41.4021737616
-76.8689580000 41.3554097413
24
30
-76.7870940000 43.3477725775
-77.2167360000 43.3467025961
-77.2266010000 43.3302384528
-77.2151790000 43.3187147008
-77.2430730000 43.3140294569
-77.2343440000 43.2919061946
-77.2662280000 43.2714147190
-77.2759090000 43.2322713741
-77.3114170000 43.2408063895
-77.2905730000 43.1966948215
-77.2008900000 43.1633198008
-77.1674960000 43.1306108313
-77.1705780000 43.1058525428
-77.1074830000 43.0538138683
-77.1680830000 42.8721022198
-77.1000440000 42.8917152502
-77.0254140000 42.8677259546
-76.9697110000 42.8851921904
-76.8820650000 42.8672578206
-76.8733750000 42.8762316737
-76.8914340000 42.9077875548
-76.8733520000 42.9172040666
-76.8793560000 42.9346785807
-76.8753280000 42.9582015332
-76.8952560000 42.9704585749
-76.8770980000 43.0000218825
-76.8930970000 43.0059794841
-76.8846740000 43.0221667213
-76.8662720000 43.0448560252
-76.7870940000 43.3477725775
24
19
-76.2332760000 43.3484330342
-76.5693890000 43.3482991223
-76.5644000000 43.2049097357
-76.5322420000 43.1187521462
-76.5105130000 43.0929288594
-76.4302140000 43.0697427064
-76.4331130000 43.0459690662
-76.3867260000 43.0088107779
-76.3720930000 42.9385792339
-76.3236770000 42.8985544269
-76.3162770000 42.8410022295
-76.3065800000 42.8154108203
-76.3437810000 42.7823303268
-76.2876890000 42.7430590665
-76.1246950000 42.9186855940
-76.0799260000 42.9387914840
-76.0395360000 42.9917324053
-76.0449450000 43.0613172170
-76.2332760000 43.3484330342
24
22
-75.7477110000 42.5999289421
-75.8361360000 42.5524228252
-75.8833690000 42.4508953193
-75.9407810000 42.3852507090
-75.9491420000 42.3104451827
-75.9403990000 42.2677312917
-75.9514540000 42.2621058715
-75.9235990000 42.2342896091
-75.9283520000 42.2103577335
-75.8962330000 42.1771141554
-75.9937590000 42.1062798646
-75.9948810000 42.0786442974
-76.0147630000 42.0686489261
-75.9939880000 42.0274060010
-75.9452440000 41.9971209784
-75.8968280000 42.0306605709
-75.8400420000 42.0356272161
-75.8024520000 42.0273419358
-75.7985840000 42.0023740208
-75.7630080000 42.0126068534
-75.7073590000 41.9475502027
-75.7477110000 42.5999289421
24
39
-76.6978610000 42.6908688491
-76.6186900000 42.7215325261
-76.7111280000 42.7742623302
-76.7082980000 42.8954445876
-76.5297850000 42.8949271539
-76.5294880000 42.6969700345
-76.5259860000 42.6921930825
-76.3494800000 42.6172584787
-76.3283840000 42.6858870138
-76.2876890000 42.7430590665
-76.3437810000 42.7823303268
-76.3065800000 42.8154108203
-76.3162770000 42.8410022295
-76.3236770000 42.8985544269
-76.3720930000 42.9385792339
-76.3867260000 43.0088107779
-76.4331130000 43.0459690662
-76.4302140000 43.0697427064
-76.5105130000 43.0929288594
-76.5322420000 43.1187521462
-76.5644000000 43.2049097357
-76.5693890000 43.3482991223
-76.7870940000 43.3477725775
-76.8662720000 43.0448560252
-76.8846740000 43.0221667213
-76.8930970000 43.0059794841
-76.8770980000 43.0000218825
-76.8952560000 42.9704585749
-76.8753280000 42.9582015332
-76.8793560000 42.9346785807
-76.8733520000 42.9172040666
-76.8914340000 42.9077875548
-76.8733750000 42.8762316737
-76.8820650000 42.8672578206
-76.8516390000 42.8232511200
-76.7934720000 42.8199073416
-76.7785950000 42.7977629393
-76.7944950000 42.7592186326
-76.6978610000 42.6908688491
24
22
-76.3386540000 41.6350910269
-76.4215620000 41.7728605574
-76.4388120000 41.8706852930
-76.4636380000 42.0445053167
-76.6212010000 42.0624871315
-76.6231540000 42.1165679198
-76.6861570000 42.0922219055
-76.7018660000 42.0436492499
-76.6874240000 42.0030529290
-76.7003780000 41.9880387029
-76.6833270000 41.9805542827
-76.6920240000 41.9469485160
-76.6722180000 41.9206701761
-76.6754530000 41.8202264455
-76.6629940000 41.8083865218
-76.6741180000 41.7738891581
-76.6088940000 41.6786268814
-76.4996720000 41.6095673746
-76.4893800000 41.5548648059
-76.4616090000 41.5300527620
-76.3219070000 41.5539457225
-76.3386540000 41.6350910269
24
30
-76.4364930000 42.1679986088
-76.4192810000 42.2874441954
-76.3517300000 42.4878832461
-76.3494800000 42.6172584787
-76.5259860000 42.6921930825
-76.5294880000 42.6969700345
-76.5498050000 42.6698282669
-76.6186900000 42.7215325261
-76.6978610000 42.6908688491
-76.7221600000 42.6519816697
-76.7617110000 42.6319742261
-76.7889860000 42.5787173686
-76.8403780000 42.5482977951
-76.8275910000 42.5364817353
-76.8374400000 42.5050059418
-76.7478330000 42.4587080363
-76.7448650000 42.4375692913
-76.7003330000 42.3953451176
-76.6814190000 42.3256011429
-76.6902770000 42.3165491673
-76.6692500000 42.2923065870
-76.6976930000 42.1814123682
-76.7122040000 42.1740006763
-76.7022400000 42.1428306620
-76.7142410000 42.1308605149
-76.6861570000 42.0922219055
-76.6231540000 42.1165679198
-76.6212010000 42.0624871315
-76.4636380000 42.0445053167
-76.4364930000 42.1679986088
24
27
-75.7560730000 42.7326689763
-75.7664410000 42.9026061751
-75.8199540000 42.9084538462
-75.8858640000 42.8809485093
-75.9815060000 42.8887634523
-76.0502620000 42.9072985130
-76.0799260000 42.9387914840
-76.1246950000 42.9186855940
-76.2876890000 42.7430590665
-76.3283840000 42.6858870138
-76.3494800000 42.6172584787
-76.3517300000 42.4878832461
-76.2733080000 42.5130976825
-76.2725300000 42.4397341715
-76.1988910000 42.4079778900
-76.1821440000 42.4262630695
-76.1995390000 42.4767381615
-76.1872560000 42.5011831605
-76.0725480000 42.5923052004
-76.0809940000 42.6076306931
-76.0394970000 42.6384145675
-76.0678940000 42.6664566011
-76.0094380000 42.7249707993
-75.8942570000 42.7344328573
-75.8554230000 42.7532669479
-75.8053740000 42.7278720649
-75.7560730000 42.7326689763
24
29
-75.3412480000 41.7130196163
-75.6941070000 41.7318868770
-75.7015690000 41.8520095159
-75.7448880000 41.8226503535
-75.7597500000 41.7873041857
-75.8210830000 41.7534981764
-75.8157730000 41.7352446686
-75.8357320000 41.7147051762
-75.8213420000 41.6967951253
-75.8455730000 41.6745895546
-75.8383710000 41.6307060388
-75.8653950000 41.6199709060
-75.8572080000 41.5955838961
-75.9199300000 41.5355570525
-75.9232710000 41.4392416804
-75.9484560000 41.4121454199
-75.8734890000 41.4182154846
-75.8599010000 41.4439626331
-75.8024060000 41.4616097717
-75.7633210000 41.5012927903
-75.6977620000 41.4751017439
-75.6863560000 41.5071928818
-75.6631470000 41.5179582382
-75.6129990000 41.4921178830
-75.3641050000 41.5068667170
-75.3072430000 41.5879910557
-75.3296590000 41.6226612694
-75.3174130000 41.6513965396
-75.3412480000 41.7130196163
24
33
-76.4388120000 41.8706852930
-76.3836520000 41.8721255906
-76.3101040000 41.9664310883
-76.2421110000 41.9827224477
-76.1392060000 41.9378904070
-76.1171950000 41.9027596481
-76.0845570000 41.9081582884
-76.0322950000 41.8662852339
-75.9915920000 41.8921194080
-75.9452440000 41.9971209784
-75.9939880000 42.0274060010
-76.0147630000 42.0686489261
-75.9948810000 42.0786442974
-75.9937590000 42.1062798646
-75.8962330000 42.1771141554
-75.9283520000 42.2103577335
-75.9235990000 42.2342896091
-75.9514540000 42.2621058715
-75.9403990000 42.2677312917
-75.9491420000 42.3104451827
-76.0973740000 42.3432230656
-76.1147310000 42.3033018929
-76.1065140000 42.2628547942
-76.1630020000 42.2618065611
-76.1930850000 42.2391799923
-76.2131810000 42.1920721407
-76.2390440000 42.1997844045
-76.2319490000 42.2368721817
-76.2615510000 42.2623897677
-76.3618320000 42.1716701282
-76.4364930000 42.1679986088
-76.4636380000 42.0445053167
-76.4388120000 41.8706852930
24
34
-76.3517300000 42.4878832461
-76.4192810000 42.2874441954
-76.4364930000 42.1679986088
-76.3618320000 42.1716701282
-76.2615510000 42.2623897677
-76.2319490000 42.2368721817
-76.2390440000 42.1997844045
-76.2131810000 42.1920721407
-76.1930850000 42.2391799923
-76.1630020000 42.2618065611
-76.1065140000 42.2628547942
-76.1147310000 42.3033018929
-76.0973740000 42.3432230656
-75.9491420000 42.3104451827
-75.9407810000 42.3852507090
-75.8833690000 42.4508953193
-75.8361360000 42.5524228252
-75.7477110000 42.5999289421
-75.7560730000 42.7326689763
-75.8053740000 42.7278720649
-75.8554230000 42.7532669479
-75.8942570000 42.7344328573
-76.0094380000 42.7249707993
-76.0678940000 42.6664566011
-76.0394970000 42.6384145675
-76.0809940000 42.6076306931
-76.0725480000 42.5923052004
-76.1872560000 42.5011831605
-76.1995390000 42.4767381615
-76.1821440000 42.4262630695
-76.1988910000 42.4079778900
-76.2725300000 42.4397341715
-76.2733080000 42.5130976825
-76.3517300000 42.4878832461
24
24
-76.8885040000 42.5841754620
-76.8403780000 42.5482977951
-76.7889860000 42.5787173686
-76.7617110000 42.6319742261
-76.7221600000 42.6519816697
-76.6978610000 42.6908688491
-76.7944950000 42.7592186326
-76.7785950000 42.7977629393
-76.7934720000 42.8199073416
-76.8516390000 42.8232511200
-76.8820650000 42.8672578206
-76.9697110000 42.8851921904
-77.0254140000 42.8677259546
-77.1000440000 42.8917152502
-77.1680830000 42.8721022198
-77.1688000000 42.8715099114
-77.1868740000 42.8521585662
-77.1340260000 42.7647069803
-77.0716090000 42.7442846230
-77.0114520000 42.6829432135
-77.0014570000 42.6346945148
-76.9507450000 42.6026830844
-76.9587330000 42.5884929251
-76.8885040000 42.5841754620
24
7
-76.6186900000 42.7215325261
-76.5498050000 42.6698282669
-76.5294880000 42.6969700345
-76.5297850000 42.8949271539
-76.7082980000 42.8954445876
-76.7111280000 42.7742623302
-76.6186900000 42.7215325261
