20
Jefferson County
-112.1177260000 52.0982001905
Big Horn County
-107.4837540000 51.2236356662
Hill County
-110.0305290000 55.6996398441
Custer County
-105.7665380000 52.3937588366
Sanders County
-115.0844630000 54.3124445996
Lincoln County
-115.3593480000 55.6982165551
Flathead County
-114.3212790000 55.2601952117
Silver Bow County
-112.5625360000 51.8695354524
Missoula County
-113.9686070000 53.2905897059
Roosevelt County
-104.9890430000 55.1710092701
Fergus County
-109.4489690000 53.5419473501
Gallatin County
-111.1867860000 51.4433449158
Lake County
-114.1264440000 54.3418443268
Cascade County
-111.3242410000 54.0174423273
Carbon County
-109.0875840000 50.9431242877
Yellowstone County
-108.4607180000 51.6620887357
Lewis and Clark County
-112.1539330000 53.1061192260
Glacier County
-112.8101190000 55.8018399240
Ravalli County
-114.1172360000 52.2288932147
Richland County
-104.4582520000 54.5297445812
56
30
57
-111.3776860000 50.1486556274
-111.3517150000 50.1122989066
-111.3231580000 50.1161104970
-111.2668760000 50.0272741982
-111.2773900000 50.0063158205
-111.2527920000 50.0066110111
-111.2190700000 49.9665268798
-111.2424770000 49.9526412264
-111.2272420000 49.9021788273
-111.1798630000 49.8885778267
-111.1753460000 49.8652723075
-111.1317980000 49.8406477643
-111.1378560000 49.8238675940
-111.1220020000 49.7860066952
-111.0489730000 49.7606576454
-111.0551990000 50.5008534939
-111.0442730000 50.5008916786
-111.0381700000 50.9971516757
-111.0007780000 50.9967774376
-110.9176640000 50.9973750810
-110.9177170000 51.0196390337
-110.9192120000 51.2453628651
-110.9118040000 51.2452929244
-110.8582150000 51.2469144211
-110.8570560000 51.3389623528
-110.8364720000 51.3388151632
-110.7949750000 51.3381278057
-110.7949680000 51.3543472976
-110.7839810000 52.2032288457
-111.0625610000 52.2039338079
-111.3464970000 52.1882181038
-111.3493880000 52.1055726253
-111.3714070000 52.0930961538
-111.3985290000 52.0781855303
-111.3934250000 52.0553381930
-111.4244690000 52.0132270550
-111.4188690000 51.9220321569
-111.4612200000 51.9191877771
-111.4739910000 51.8539748342
-111.5099030000 51.8202188217
-111.5613940000 51.7814159847
-111.5984270000 51.7760218481
-111.6288450000 51.7245214635
-111.6599960000 51.6864726854
-111.7034300000 51.6335956932
-111.8051450000 51.6358934665
-111.8050160000 51.6194920823
-111.7840650000 51.6194590994
-111.7217100000 51.5948561730
-111.7196500000 51.5569292460
-111.6596300000 51.5538671540
-111.5297010000 51.4123535718
-111.3513950000 51.4115182604
-111.3503190000 50.9962566377
-111.3730700000 50.9963377457
-111.3730390000 50.9898351388
-111.3776860000 50.1486556274
30
19
-104.8858410000 52.1227800384
-104.9394070000 52.1202315190
-104.9441910000 51.6196713378
-104.9820330000 51.6197373039
-104.9882350000 50.9983683172
-105.0382390000 50.9942318111
-105.0384060000 50.4994717872
-104.0484540000 50.4956478211
-104.0396800000 50.4962134852
-104.0440290000 51.7560290764
-104.1348110000 51.7648697576
-104.1353150000 51.8811223042
-104.3908770000 51.8830257935
-104.3907780000 51.9010586821
-104.3902890000 52.0049207632
-104.4003220000 52.0047507267
-104.5162730000 52.0079108707
-104.5171430000 52.1222677303
-104.8858410000 52.1227800384
30
55
-115.0108030000 54.8850787665
-115.0200810000 55.1972328611
-115.0009840000 55.1974685283
-114.8479460000 55.1975420806
-114.8482590000 55.2204668188
-114.8497010000 55.7207777478
-114.8699950000 55.7207671683
-114.8882060000 55.7343977774
-114.8866650000 55.8492813990
-114.6390300000 55.8502048836
-114.6922760000 55.8811829109
-114.6807100000 55.9095614509
-114.6909870000 55.9258383555
-114.6130140000 55.9955416457
-114.6353990000 56.0019064309
-114.6720890000 56.0627597446
-114.7325970000 56.0785257984
-114.7227550000 56.1118739222
-114.6917040000 56.1283171893
-114.7185670000 56.2758288768
-114.6847840000 56.3276265244
-114.7349700000 56.3426979088
-114.7279970000 56.3690800317
-116.0491940000 56.3679688441
-116.0497670000 55.1809390535
-116.0169300000 55.1680067274
-116.0077210000 55.0966509604
-115.9567110000 55.0819896636
-115.9367900000 55.1344030591
-115.7994160000 55.1930810341
-115.7605060000 55.2528989181
-115.7086030000 55.2303489357
-115.6718670000 55.1675430769
-115.6926420000 55.1071393771
-115.6453480000 55.0592260478
-115.6403660000 54.9757805989
-115.5446780000 54.8572262319
-115.5387040000 54.8297751598
-115.5576320000 54.7685489931
-115.5227050000 54.7215841239
-115.4602810000 54.7396387590
-115.4256060000 54.7273785735
-115.4210740000 54.7600588188
-115.3999330000 54.7626260726
-115.3947980000 54.7246916493
-115.3181760000 54.7407474491
-115.2781520000 54.6953206091
-115.2459640000 54.7320962093
-115.1850280000 54.7385106869
-115.1758350000 54.8205776802
-115.1530000000 54.8022263318
-115.1367340000 54.8358108083
-115.1544720000 54.8852731149
-115.1259840000 54.8853074997
-115.0108030000 54.8850787665
30
16
-104.9733510000 55.7051730941
-104.7576290000 55.7026602660
-104.7576220000 55.5743288033
-104.6276020000 55.5724357057
-104.6255190000 55.4427832286
-104.0469130000 55.4430241689
-104.0486680000 56.3673530489
-105.0575100000 56.3667890824
-105.0577620000 56.2701155106
-105.0578160000 56.2319780350
-105.0389400000 56.2320008579
-105.0385510000 55.8532085565
-105.0385670000 55.8367609596
-104.9905170000 55.8369456253
-104.9733120000 55.8365414804
-104.9733510000 55.7051730941
30
57
-108.8910220000 54.4629031789
-108.8862000000 54.7434409012
-108.6657030000 54.7433782270
-108.6255490000 54.7468791063
-108.6078190000 54.8455226203
-108.4339680000 54.8237743411
-108.4341130000 54.8463324913
-108.4338460000 55.1874645668
-108.4120860000 55.1874585633
-108.4108730000 55.5265420414
-108.4044880000 55.5196529779
-108.3596340000 55.5172381837
-108.3673550000 55.5058360179
-108.3459400000 55.4938282753
-108.3461910000 55.7130762732
-108.3368000000 55.7129024851
-108.3188320000 55.7130475603
-108.3190000000 55.7348467311
-108.3191450000 55.9762351466
-108.2593460000 55.9760850210
-108.2593690000 56.2364468870
-108.2506790000 56.2364240628
-108.2361530000 56.2364757977
-108.2364960000 56.3674460275
-109.4896930000 56.3689291287
-109.4896240000 56.2370159731
-109.5007400000 56.2368775053
-109.5057750000 56.2366796944
-109.5007480000 55.7118144297
-109.4959260000 55.6474442324
-109.4644470000 55.6385906599
-109.4719920000 55.5378899970
-109.4972610000 55.5378719040
-109.4971690000 55.5193605456
-109.5007480000 55.4508656807
-109.5189670000 55.4509108617
-109.5190200000 55.4212778477
-109.5190810000 55.2985312984
-109.5513380000 55.2986575542
-109.5516590000 55.2451061546
-109.5516890000 55.1902082093
-109.5336000000 55.1901556769
-109.5336380000 55.1831256690
-109.5342940000 55.0609581837
-109.5384520000 54.4695778823
-109.5184100000 54.4809183168
-109.4279020000 54.4413351380
-109.3143390000 54.4974679823
-109.2773820000 54.5492310244
-109.1420750000 54.5313517703
-109.0746690000 54.5616326912
-108.9807050000 54.5648246075
-108.9405750000 54.5471412021
-108.9471360000 54.5250735054
-108.9220200000 54.4997215806
-108.9489750000 54.4615412473
-108.8910220000 54.4629031789
30
58
-109.7982180000 50.7360785859
-109.7986910000 50.5020838974
-108.2493440000 50.4982202104
-108.2581790000 50.5089348994
-108.2446670000 50.5580643914
-108.2210920000 50.5651706504
-108.2397540000 50.5861916184
-108.2175220000 50.6321963314
-108.1886290000 50.6409623703
-108.1893770000 50.6832348702
-108.1637120000 50.6951521382
-108.1692120000 50.7393579094
-108.1304320000 50.7579782530
-108.1456530000 50.7718406133
-108.1310270000 50.7742430022
-108.1296840000 50.8062954086
-108.0982740000 50.8112840283
-108.6992490000 50.8076766887
-108.6998060000 50.9932926959
-108.6821140000 51.1137139831
-108.6449740000 51.1579916979
-108.6948010000 51.1582369375
-108.6991810000 51.2360641489
-108.7515560000 51.2419986465
-108.7603000000 51.2828326878
-108.7897950000 51.2834267492
-108.8016590000 51.2835252839
-108.8023610000 51.3333521913
-108.7832640000 51.3699482016
-108.7820890000 51.4066524585
-108.8426970000 51.3677395329
-108.9072270000 51.3556122386
-108.9748080000 51.3755108852
-109.0673520000 51.3284082581
-109.1271820000 51.3343553039
-109.1283800000 51.2651142562
-109.1284640000 51.2421014122
-109.1802830000 51.2422056054
-109.1914520000 51.2422270149
-109.1914900000 51.1680984687
-109.3561780000 51.1584978618
-109.3560560000 51.1489197861
-109.4112470000 51.1374512639
-109.4384690000 51.1048536708
-109.4781040000 51.0962778524
-109.5216520000 51.0344789207
-109.5414810000 51.0345116640
-109.5415120000 51.0139486448
-109.5620120000 51.0139002540
-109.5677340000 50.9796867140
-109.5858840000 50.9724855652
-109.5884170000 50.9308902613
-109.6088030000 50.9309940522
-109.6086430000 50.8848941979
-109.6086580000 50.8692407688
-109.6877750000 50.8692194582
-109.6911090000 50.7359268211
-109.7982180000 50.7360785859
30
150
-113.5163350000 51.8374739438
-113.5350110000 51.7985592305
-113.5330890000 51.7504298144
-113.5793840000 51.7427038226
-113.5921710000 51.7103745150
-113.6272660000 51.6957850935
-113.7019580000 51.6997612829
-113.8307420000 51.5676381761
-113.8493960000 51.5706663993
-113.8694840000 51.6118174592
-113.8964460000 51.5951729992
-113.9153210000 51.5595085441
-113.9075850000 51.4993795086
-113.9379730000 51.4889689121
-113.9314960000 51.4563599046
-113.8961260000 51.4165445635
-113.9051510000 51.3843682290
-113.8258290000 51.3708531300
-113.7988200000 51.3339251929
-113.8343430000 51.2392211671
-113.7661590000 51.2388515098
-113.7598420000 51.1813669607
-113.7822950000 51.1473045429
-113.7599180000 51.1057841145
-113.7759700000 51.0787301234
-113.7344060000 51.0557705733
-113.7386700000 50.9670972167
-113.6803130000 50.8947876748
-113.6915130000 50.8855990075
-113.6849980000 50.8591941667
-113.5937190000 50.7613010298
-113.5907210000 50.7230831643
-113.5701900000 50.7085485815
-113.5717700000 50.6758489454
-113.5157320000 50.6622581123
-113.5104750000 50.6572900212
-113.5198970000 50.6309044551
-113.4857860000 50.5895399062
-113.4542160000 50.5847872193
-113.4381410000 50.5112771585
-113.4437790000 50.4422796191
-113.4974370000 50.4220023825
-113.4717940000 50.3716237385
-113.4784850000 50.3515194320
-113.4222410000 50.2699405528
-113.3567050000 50.2452681421
-113.3417050000 50.1952948442
-113.2471690000 50.2489830479
-113.1326140000 50.1792317766
-113.1350250000 50.1507396799
-113.1121440000 50.1222209557
-113.0515060000 49.9871742886
-113.0778500000 49.9463622704
-113.0878520000 49.9341934283
-113.0398330000 49.8887055581
-113.0469440000 49.8632390388
-113.0102080000 49.8339313550
-113.0270460000 49.7896334363
-113.0065460000 49.7330118211
-112.9517900000 49.6793680256
-112.8851320000 49.6581417778
-112.8560100000 49.6001759442
-112.8138200000 49.6224658571
-112.8133770000 49.6517132549
-112.8402790000 49.6898046839
-112.7863080000 49.7652334892
-112.7191090000 49.8010306099
-112.6618650000 49.7755269203
-112.5431440000 49.7724838880
-112.5008320000 49.7434497192
-112.4737630000 49.7662229703
-112.3871840000 49.7215975077
-112.3592220000 49.7750825829
-112.3527830000 49.8467109621
-112.3207630000 49.8493765548
-112.2889250000 49.8898888370
-112.2304000000 49.8853649580
-112.2230000000 49.8577035846
-112.1388930000 49.8501201303
-112.1067580000 49.8241452951
-112.0719070000 49.8449601360
-112.0335620000 49.8346439303
-112.0329130000 49.8596581394
-111.9792560000 49.8453248883
-111.9487990000 49.8734143085
-111.8705060000 49.8847656296
-111.8228840000 49.8084973281
-111.7056430000 49.8751657447
-111.6151050000 49.8639981760
-111.5874560000 49.8831697810
-111.5152660000 49.8468554631
-111.4689480000 49.8498675945
-111.4694520000 49.8749033076
-111.5074690000 49.8826125747
-111.5010830000 49.8947667099
-111.5222240000 49.9398885688
-111.5058670000 49.9715976150
-111.5170360000 49.9931317300
-111.4905240000 49.9946594573
-111.4731750000 50.0272741982
-111.4686660000 50.0459202685
-111.4902270000 50.0761398996
-111.4729230000 50.0887900675
-111.7817150000 50.0882807023
-111.7818600000 50.1179262731
-111.7818150000 50.1900439205
-111.8019710000 50.1899523458
-112.0658720000 50.1937408060
-112.0658340000 50.2041208793
-112.0674590000 50.2534637180
-112.1671070000 50.2543026374
-112.1670230000 50.2889371240
-112.1669850000 50.3754799862
-112.1905750000 50.3757341576
-112.1901780000 50.3956453141
-112.1914060000 50.4996075527
-112.3342590000 50.4998550423
-112.3341450000 50.5256461934
-112.3337550000 50.6243023261
-112.3450240000 50.6240700362
-112.4568480000 50.6243448183
-112.4566960000 50.6619874526
-112.4643630000 51.0580902998
-112.5061650000 51.1278001557
-112.6005550000 51.1097624881
-112.6879650000 51.1782065106
-112.7046890000 51.2569024777
-112.6871410000 51.2983382750
-112.6866000000 51.3880601502
-112.7025150000 51.4100564864
-112.7000270000 51.4593137930
-112.7480160000 51.4912582395
-112.7356950000 51.4985003329
-112.7533650000 51.5109987087
-112.7586900000 51.5626410702
-112.8862920000 51.6239391696
-112.9037700000 51.6102961015
-112.9283370000 51.6411849074
-112.9989700000 51.6485883488
-113.0854720000 51.7253155358
-113.1013720000 51.7555090668
-113.2142110000 51.7459096090
-113.2754210000 51.6641534486
-113.3396680000 51.6538591105
-113.3631670000 51.5780848125
-113.3776320000 51.5810489304
-113.4319530000 51.6397232356
-113.4414670000 51.7184965356
-113.4980010000 51.8371388992
-113.5163350000 51.8374739438
30
26
-111.0442730000 50.5008916786
-109.7986910000 50.5020838974
-109.7982180000 50.7360785859
-110.0638200000 50.7427451704
-110.2285460000 50.7440430908
-110.2242050000 50.9937764812
-110.2187880000 50.9999905344
-110.2208710000 51.6168162052
-110.2373960000 51.6170298706
-110.2926710000 51.6226427342
-110.2927020000 52.1182213345
-110.2818600000 52.1182545245
-110.2818600000 52.1913869945
-110.7839810000 52.2032288457
-110.7949680000 51.3543472976
-110.7949750000 51.3381278057
-110.8364720000 51.3388151632
-110.8570560000 51.3389623528
-110.8582150000 51.2469144211
-110.9118040000 51.2452929244
-110.9192120000 51.2453628651
-110.9177170000 51.0196390337
-110.9176640000 50.9973750810
-111.0007780000 50.9967774376
-111.0381700000 50.9971516757
-111.0442730000 50.5008916786
30
76
-106.4185640000 54.7951913372
-106.4298710000 54.8861402138
-106.3953780000 54.9550339901
-106.3637010000 54.9283483280
-106.3187180000 54.9418448484
-106.2405930000 54.9018019978
-106.1237180000 54.9023956383
-106.1452030000 54.8700257285
-106.0985490000 54.8728358044
-106.0825270000 54.9118361833
-106.0202480000 54.8655492500
-106.0192340000 54.9080032992
-105.9195480000 54.8646375450
-105.8994520000 54.8723051705
-105.8986740000 54.9125031814
-105.8437960000 54.8742274278
-105.8436130000 55.1323318137
-105.8434600000 55.1868402067
-105.8155590000 55.1870068022
-105.8043440000 55.1870638351
-105.8044360000 55.7053166436
-106.0212100000 55.7051730941
-106.0213700000 56.0905802862
-106.1507870000 56.1000879431
-106.1517640000 56.2090201590
-106.1517330000 56.2318913081
-106.1138460000 56.2321180155
-106.1121060000 56.3665909331
-107.1798630000 56.3680740175
-107.1800770000 56.2407547012
-107.2043230000 56.2349207224
-107.2064590000 55.7145466871
-107.2064290000 55.7123781009
-107.1928410000 55.7123493883
-107.1929240000 55.6257952540
-107.2569890000 55.6319571915
-107.2585140000 55.6097089289
-107.2580260000 55.5808652524
-107.2821580000 55.5809980085
-107.3015290000 55.5808833555
-107.3012310000 55.4661715152
-107.3011700000 55.4505900772
-107.2716670000 55.4496879720
-107.2604520000 55.4496939961
-107.2604830000 55.3320008678
-107.2605900000 55.3156032694
-107.3395610000 55.3159129660
-107.3693080000 55.3161820723
-107.3697200000 55.1875906401
-107.3790820000 55.1857010627
-107.4045560000 55.1857535920
-107.4148860000 54.3993981253
-107.2800140000 54.3814925392
-107.2467580000 54.3544815609
-107.0278090000 54.3532581295
-106.8782730000 54.3847899222
-106.8638230000 54.4660270885
-106.7311170000 54.4643944918
-106.7105100000 54.5206184635
-106.6659090000 54.5151117673
-106.6428070000 54.5500884037
-106.6114040000 54.5253800407
-106.6028060000 54.5386247184
-106.6093060000 54.5697377957
-106.5649030000 54.5843303161
-106.5605010000 54.6272304046
-106.5282970000 54.6375135776
-106.5430530000 54.6722429969
-106.5072940000 54.6822369321
-106.5304950000 54.7171341505
-106.4883960000 54.7569782270
-106.5100940000 54.7826550767
-106.5005950000 54.7979598618
-106.4397890000 54.8325329743
-106.4310910000 54.7934024513
-106.4185640000 54.7951913372
30
104
-114.3328860000 52.8827013600
-114.3203350000 52.8503264596
-114.3225170000 52.8103336212
-114.3441770000 52.7799033836
-114.3298420000 52.7610322893
-114.3478470000 52.7240685032
-114.3421710000 52.6789003144
-114.4028400000 52.6478669787
-114.3684690000 52.5586069621
-114.4216610000 52.4860324656
-114.4105070000 52.4477001703
-114.4328610000 52.3677819497
-114.4272000000 52.3360861050
-114.4698560000 52.3129604783
-114.4481740000 52.2608743977
-114.4441600000 52.1710080650
-114.5144420000 52.1675656383
-114.5271530000 52.1359713037
-114.5212630000 52.1079071318
-114.4747770000 52.0888709288
-114.4595950000 52.0617188659
-114.4676670000 52.0180319577
-114.5074540000 51.9717100239
-114.4803090000 51.9695566738
-114.4849780000 51.9206488198
-114.4141160000 51.8959370534
-114.4021300000 51.8674510336
-114.4313280000 51.8365910397
-114.3871690000 51.7663653288
-114.4094770000 51.7124720622
-114.4374310000 51.7277365718
-114.5084000000 51.7041252709
-114.5649800000 51.6027255903
-114.5447390000 51.5800599234
-114.5478970000 51.5575196114
-114.4959950000 51.5012209406
-114.5143970000 51.4742194247
-114.4992980000 51.4663626345
-114.5076450000 51.4363052534
-114.5625460000 51.4073990438
-114.5388030000 51.3629621549
-114.5650860000 51.2929394714
-114.5287320000 51.3092355383
-114.4981770000 51.2883893333
-114.4583280000 51.2971670751
-114.4642640000 51.2753601702
-114.4268110000 51.2285503168
-114.3675230000 51.1979570837
-114.3363190000 51.1523243063
-114.2711180000 51.1869764952
-114.2485350000 51.2740308118
-114.1984630000 51.2609540117
-114.0881730000 51.3391195458
-114.0683290000 51.3899419229
-114.0163880000 51.4270759340
-114.0272900000 51.4594497546
-114.0166850000 51.4879209117
-113.9885790000 51.5034705234
-113.9657210000 51.4816518075
-113.9379730000 51.4889689121
-113.9075850000 51.4993795086
-113.9153210000 51.5595085441
-113.8964460000 51.5951729992
-113.8694840000 51.6118174592
-113.8493960000 51.5706663993
-113.8307420000 51.5676381761
-113.7019580000 51.6997612829
-113.6272660000 51.6957850935
-113.5921710000 51.7103745150
-113.5793840000 51.7427038226
-113.5330890000 51.7504298144
-113.5350110000 51.7985592305
-113.5163350000 51.8374739438
-113.5174790000 51.8392886733
-113.5800700000 51.8382303157
-113.6094210000 51.8549571720
-113.6160810000 51.8829883851
-113.6499710000 51.8774607691
-113.6719440000 51.9595454408
-113.6899190000 51.9772096132
-113.7461620000 51.9955159863
-113.7695850000 51.9661992922
-113.8035350000 51.9822212252
-113.7532420000 52.0883097942
-113.7951510000 52.1459932221
-113.7850880000 52.1873486308
-113.8180540000 52.2019056139
-113.8228910000 52.2276779324
-113.7750850000 52.2552322738
-113.7501450000 52.3191419876
-113.7852860000 52.3402087423
-113.7738110000 52.3908946198
-113.7840810000 52.4528951837
-113.8207860000 52.5149008348
-113.8584440000 52.5348635655
-113.8499450000 52.5754427600
-113.8787990000 52.6493022812
-113.8490600000 52.6714830548
-113.8284530000 52.7539840679
-113.8361360000 52.7706054954
-113.8092880000 52.7866745075
-113.8040310000 52.8376490407
-113.8278270000 52.8830903942
-114.3328860000 52.8827013600
30
87
-111.7878720000 52.7491168711
-111.6318740000 52.7492783304
-111.6392820000 52.9733297507
-111.6041790000 53.0527437673
-111.4979630000 53.0310451980
-111.5071790000 53.1071172297
-111.5907820000 53.0951054975
-111.6398850000 53.1340052672
-111.6416320000 53.1816833500
-111.6089630000 53.1988254662
-111.6029590000 53.2199616890
-111.6581340000 53.2516298557
-111.7900920000 53.2524569675
-111.7902220000 53.2732108148
-111.7893220000 53.5679237744
-111.8031390000 53.5678679209
-111.8966980000 53.5563629354
-111.9039610000 53.5780736192
-111.9421460000 53.5895759196
-111.9688260000 53.6334631010
-111.9802020000 53.6495640910
-112.0114140000 53.6428358157
-112.0105290000 53.6643218330
-112.0449220000 53.6642217612
-112.0473100000 54.1388901187
-112.2800600000 54.1245914198
-112.3175810000 54.1773355471
-112.4056170000 54.1947258428
-112.4214170000 54.2664007993
-112.5131070000 54.2950902194
-112.5185850000 54.3242933909
-112.5466230000 54.3396606338
-112.5674440000 54.3173922590
-112.7309570000 54.2887227767
-112.7717670000 54.2608290939
-112.8561330000 54.3064155303
-112.9138110000 54.4035178573
-112.9019780000 54.4588977411
-112.9266280000 54.5032456558
-112.9123990000 54.5986411056
-112.9527280000 54.7135212531
-112.9718250000 54.7268713180
-112.9847030000 54.7900696793
-113.0211640000 54.7505562451
-113.0656430000 54.7492474382
-113.0931780000 54.7214080892
-113.0579760000 54.6659994937
-113.0615010000 54.5427518661
-113.0827790000 54.5203164109
-113.0809020000 54.4860076277
-113.1355440000 54.4785180390
-113.1646270000 54.4549742781
-113.1286770000 54.3541311587
-113.1449280000 54.2579269826
-113.1179730000 54.2200522968
-113.1150050000 54.1018133925
-113.0596080000 54.0972804897
-113.0588680000 53.6421340368
-112.7985460000 53.6388444406
-112.7952190000 53.1756357194
-112.7953190000 53.1322775387
-112.5444410000 53.1360516954
-112.5356060000 53.1360911627
-112.5353470000 53.0127487093
-112.5353160000 52.9377476669
-112.4368590000 52.9393107357
-112.4107890000 52.9394652946
-112.4108280000 52.8979931617
-112.4108580000 52.8768107137
-112.3188780000 52.8732471084
-112.2988200000 52.8142044650
-112.3113560000 52.7646388365
-112.2930910000 52.6751538137
-112.3035740000 52.6723811107
-112.3051830000 52.5779885413
-112.3247530000 52.5539854001
-112.3106080000 52.5341440480
-112.2703930000 52.5252739218
-112.2267300000 52.5489201301
-112.2167210000 52.5752700446
-112.1769710000 52.5846059244
-112.2049870000 52.6460772453
-112.1351470000 52.6807808981
-112.0633700000 52.6834085583
-112.0348430000 52.7104794219
-112.0302580000 52.7475750244
-111.7878720000 52.7491168711
30
64
-110.2818600000 52.1913869945
-110.2818600000 52.2438466110
-110.2733760000 52.9554200261
-110.3343430000 52.8993004031
-110.3757550000 52.9293816936
-110.4670940000 52.9093466290
-110.4847790000 52.9427533875
-110.5638500000 52.9908773278
-110.5641100000 53.0443509582
-110.6326140000 53.0581525518
-110.6528780000 53.1203730309
-110.6687850000 53.1162591238
-110.6963650000 53.1503401730
-110.7536770000 53.1532291764
-110.7595980000 53.2318637440
-110.8556670000 53.2630681958
-110.8546450000 53.2925918868
-110.9128950000 53.3500441796
-111.0944980000 53.4047795796
-111.1048890000 53.4206046940
-111.0806120000 53.4408953857
-111.0806350000 53.5075384951
-111.1468890000 53.5078630778
-111.1586000000 53.5079688245
-111.1586000000 53.4414104612
-111.1585160000 53.3954250787
-111.5342640000 53.3791636957
-111.5393520000 53.2554112189
-111.6581340000 53.2516298557
-111.6029590000 53.2199616890
-111.6089630000 53.1988254662
-111.6416320000 53.1816833500
-111.6398850000 53.1340052672
-111.5907820000 53.0951054975
-111.5071790000 53.1071172297
-111.4979630000 53.0310451980
-111.4558260000 53.0029169257
-111.4634170000 52.9731795015
-111.4484020000 52.9647776733
-111.4624560000 52.9475086066
-111.4440460000 52.9342148374
-111.4519350000 52.9173096069
-111.4149780000 52.9023696639
-111.4114530000 52.8532481620
-111.3308110000 52.8434814195
-111.3346020000 52.7690675935
-111.3202970000 52.7403011146
-111.3449400000 52.7157818804
-111.2832110000 52.6823098137
-111.2585530000 52.6481880310
-111.2474590000 52.5605441806
-111.2093430000 52.5429049088
-111.1233370000 52.5801541166
-111.1263660000 52.5636220615
-111.0591130000 52.5104471484
-111.0683210000 52.4355841444
-111.1163180000 52.3848580935
-111.1270450000 52.3216086499
-111.0749890000 52.2874973940
-111.0828480000 52.2709395668
-111.0627520000 52.2458859946
-111.0625610000 52.2039338079
-110.7839810000 52.2032288457
-110.2818600000 52.1913869945
30
48
-111.7878720000 52.7491168711
-112.0302580000 52.7475750244
-112.0348430000 52.7104794219
-112.0633700000 52.6834085583
-112.1351470000 52.6807808981
-112.2049870000 52.6460772453
-112.1769710000 52.5846059244
-112.2167210000 52.5752700446
-112.2267300000 52.5489201301
-112.2703930000 52.5252739218
-112.3106080000 52.5341440480
-112.3502200000 52.4841304144
-112.4172290000 52.4714333644
-112.4251330000 52.4433154675
-112.4524990000 52.4309683132
-112.4530870000 52.4024129337
-112.4885940000 52.4200107759
-112.5247270000 52.4025678935
-112.5696260000 52.3661302686
-112.5584560000 52.3095003165
-112.5974810000 52.2677674984
-112.5742720000 52.2361000329
-112.5768510000 52.1836570875
-112.5048220000 52.1907413625
-112.5196380000 52.1198563191
-112.4660950000 52.0583633612
-112.4763180000 51.9985936337
-112.4423140000 51.9682041980
-112.4360500000 51.8384661442
-112.4044420000 51.7631486642
-112.4267040000 51.7012886516
-112.2725220000 51.6250936457
-112.1899340000 51.5643248895
-112.1368260000 51.5972460198
-112.1125790000 51.6470835054
-112.1174470000 51.6880155880
-112.0376130000 51.7224235998
-111.9830320000 51.7053196671
-111.9280470000 51.7197069410
-111.9077760000 51.6793053968
-111.8108520000 51.6569393817
-111.8051450000 51.6358934665
-111.7034300000 51.6335956932
-111.6599960000 51.6864726854
-111.6604390000 51.9969899571
-111.6863560000 51.9971268375
-111.7844240000 52.0018212570
-111.7878720000 52.7491168711
30
40
-112.6866000000 51.3880601502
-112.5504460000 51.4724773808
-112.4990310000 51.5803379908
-112.4722980000 51.5665776801
-112.1899340000 51.5643248895
-112.2725220000 51.6250936457
-112.4267040000 51.7012886516
-112.4044420000 51.7631486642
-112.4360500000 51.8384661442
-112.4423140000 51.9682041980
-112.4763180000 51.9985936337
-112.4660950000 52.0583633612
-112.5196380000 52.1198563191
-112.5048220000 52.1907413625
-112.5768510000 52.1836570875
-112.5965650000 52.1644973259
-112.6413730000 52.1779597958
-112.6859660000 52.1212330225
-112.7776790000 52.1171491607
-112.7819370000 51.9954223331
-112.8531040000 51.9904603154
-112.8777690000 51.9249313408
-112.9228820000 51.9326750112
-112.9388730000 51.9149976840
-112.9287720000 51.8207780700
-112.9603730000 51.8140213469
-112.9658740000 51.7892994945
-113.0254440000 51.7421781548
-113.0854720000 51.7253155358
-112.9989700000 51.6485883488
-112.9283370000 51.6411849074
-112.9037700000 51.6102961015
-112.8862920000 51.6239391696
-112.7586900000 51.5626410702
-112.7533650000 51.5109987087
-112.7356950000 51.4985003329
-112.7480160000 51.4912582395
-112.7000270000 51.4593137930
-112.7025150000 51.4100564864
-112.6866000000 51.3880601502
30
80
-107.9089050000 54.0421298896
-107.8981090000 54.1300689703
-107.9190060000 54.1451149759
-107.9335780000 54.2178809224
-108.0640950000 54.2610218798
-108.1746440000 54.2336229103
-108.3126140000 54.2387805139
-108.3151250000 53.8714967650
-108.3149570000 53.8416696109
-108.3364720000 53.8406002469
-108.5905150000 53.8289148985
-108.5905760000 53.7872450754
-108.5904920000 53.7761410086
-108.7082290000 53.7758374155
-108.7192230000 53.7758536267
-108.7248540000 53.6492389193
-108.7363890000 53.6492786461
-108.7367020000 53.5260844607
-108.6133800000 53.5220784771
-108.6106720000 53.1613835816
-108.6108020000 53.1394371893
-108.6256940000 53.1393085495
-108.6309510000 53.0119868737
-107.8275760000 53.0214183936
-107.8534320000 53.0552173930
-107.8392410000 53.0771797106
-107.8535460000 53.0831408848
-107.8406070000 53.0900900724
-107.8921200000 53.1611715593
-107.9147190000 53.1947191503
-107.9403990000 53.2033460266
-107.9346620000 53.2553614437
-107.9177020000 53.2612980940
-107.9293590000 53.2712501284
-107.9155200000 53.2767750261
-107.9287950000 53.2793787307
-107.9049450000 53.2875403963
-107.9155270000 53.3331708663
-107.8893280000 53.3442796139
-107.8826070000 53.3785434573
-107.9022220000 53.4101188047
-107.9220960000 53.4087868980
-107.9021380000 53.4216345815
-107.9260710000 53.4430731069
-107.9177700000 53.4952861162
-107.9431530000 53.5023615098
-107.9332200000 53.5198765222
-107.9537580000 53.5366490781
-107.9319530000 53.5406514002
-107.9604190000 53.5626252118
-107.9406430000 53.5816458549
-107.9563750000 53.5819486939
-107.9385680000 53.5874279305
-107.9552460000 53.6097237257
-107.9385380000 53.6024033337
-107.9460680000 53.6275319938
-107.9231260000 53.6416455907
-107.9383010000 53.6439686795
-107.9314350000 53.6605383231
-107.9507980000 53.6640642954
-107.9369580000 53.6950985410
-107.9641570000 53.7163515446
-107.9486010000 53.7319320201
-107.9681930000 53.7443777218
-107.9478610000 53.7569845353
-107.9630970000 53.7652241894
-107.9517210000 53.7711495573
-107.9635700000 53.7824946287
-107.9464570000 53.7946506304
-107.9639510000 53.8030018860
-107.9460600000 53.8202128633
-107.9556270000 53.8354689789
-107.9347080000 53.8469310954
-107.9561000000 53.8445341037
-107.9634320000 53.8616804856
-107.9505000000 53.8803565283
-107.9635770000 53.8988628715
-107.9094240000 53.9696183286
-107.9226150000 54.0331319278
-107.9089050000 54.0421298896
30
46
-108.7798460000 52.1168071649
-108.4087450000 52.1169947573
-108.4046630000 52.2542232967
-108.3752750000 52.2664446358
-108.3569340000 52.2864171475
-108.3209300000 52.2858763066
-108.3208390000 52.3032428990
-108.0468220000 52.3065986418
-108.0295330000 52.3064438695
-108.0293120000 52.3405907736
-108.0113910000 52.3942033932
-107.9469380000 52.4755369603
-107.9283910000 52.4758399188
-107.9284970000 52.4955840053
-107.8003310000 52.4964583158
-107.7820890000 52.4968454514
-107.7812120000 52.6429729094
-107.7943950000 52.6427521096
-107.7956770000 52.7867647349
-107.8316730000 52.7894293993
-107.8110960000 52.8512702480
-107.8206560000 52.8608879208
-107.7931750000 52.9097911818
-107.8225560000 52.9437259895
-107.8277440000 52.9776156201
-107.8080140000 52.9837486998
-107.8275760000 53.0214183936
-108.6309510000 53.0119868737
-109.0097350000 53.0136842303
-109.0094380000 52.8305721267
-108.9889600000 52.8278172531
-108.9881900000 52.7680360376
-108.9058150000 52.7613596214
-108.9052510000 52.6348109911
-108.8816300000 52.6337971651
-108.8814240000 52.5999184578
-108.8712620000 52.5788536031
-108.8607180000 52.5787084579
-108.8611070000 52.4577934444
-108.8506700000 52.4528241756
-108.8406220000 52.4317810625
-108.8201520000 52.3747017238
-108.8053440000 52.3663343746
-108.7997440000 52.3297209658
-108.7857820000 52.3251518083
-108.7798460000 52.1168071649
30
12
-105.0384060000 50.4994717872
-105.0382390000 50.9942318111
-104.9882350000 50.9983683172
-104.9820330000 51.6197373039
-106.1918640000 51.6220189039
-106.2340930000 51.6217349551
-106.2353670000 51.0060058304
-106.2790370000 50.9980367628
-106.2796780000 50.7537944727
-106.2636720000 50.7478915826
-106.2635880000 50.4902049202
-105.0384060000 50.4994717872
30
88
-115.6286930000 54.0850312835
-115.6454930000 54.0525723793
-115.7160190000 54.0458580273
-115.7596210000 54.0011632027
-115.7232130000 54.0045228121
-115.6588210000 53.9692342004
-115.6449050000 53.9371218752
-115.5792540000 53.9190641418
-115.5518190000 53.8942679763
-115.5282750000 53.8206286985
-115.4292070000 53.7897081109
-115.4120640000 53.7677543151
-115.3212660000 53.7555730366
-115.3243330000 53.7396681845
-115.2963560000 53.7042474897
-115.3006900000 53.6569801369
-115.2637560000 53.6452148488
-115.2447810000 53.6005579032
-115.2005460000 53.5828630984
-115.1717610000 53.5366549551
-115.1445240000 53.5290769630
-115.1373060000 53.4970174579
-115.0734250000 53.4156476332
-115.0495380000 53.3357207562
-115.0044170000 53.3379277969
-114.9609600000 53.2765846574
-114.9251400000 53.2594153000
-114.9475400000 53.1751399367
-114.8968580000 53.0963152081
-114.8662030000 53.1069053538
-114.8293080000 53.0605986011
-114.7849880000 53.0569171432
-114.7653660000 53.0063973855
-114.7886280000 52.9601439238
-114.7673870000 52.9359513425
-114.7135160000 52.9619787218
-114.6994630000 52.9978125299
-114.6749950000 52.9936773075
-114.6750870000 53.0091307853
-114.5532070000 53.0090023586
-114.5491260000 53.1351761099
-114.5663220000 53.1350825588
-114.5658950000 53.3060914644
-114.5659940000 53.3254352424
-114.5462880000 53.3251656303
-114.5468220000 53.3627033816
-114.5255660000 53.3784422841
-114.5254060000 53.3922250339
-114.4528120000 53.3691964870
-114.4512100000 53.3784422841
-114.4513700000 53.3917777420
-114.4195860000 53.3920123866
-114.4196620000 53.4126814686
-114.4751050000 53.4129279113
-114.4836810000 53.4735763762
-114.5575030000 53.4773405715
-114.5657500000 53.5103231940
-114.5798800000 53.5176011849
-114.5867690000 53.5566656764
-114.6259540000 53.5601252379
-114.6290890000 53.5813092051
-114.6502690000 53.5814268119
-114.6503300000 53.6031768100
-114.6500850000 53.6239017663
-114.6847920000 53.6239458929
-114.6911390000 53.6460181750
-114.7120290000 53.6460623140
-114.7121120000 53.6851866722
-114.7121730000 53.7100386482
-114.7610400000 53.7099768029
-114.7962040000 53.7317803094
-114.7972340000 53.7738419834
-114.8337400000 53.7736002949
-114.8422550000 53.8058030370
-114.9058070000 53.8190700652
-114.9058150000 53.8376356042
-114.9677890000 53.8382771964
-114.9790270000 53.9593790049
-115.0865330000 54.0053520209
-115.1209790000 53.9963982158
-115.1579280000 54.0357047802
-115.2477420000 54.0856408867
-115.3411560000 54.0729082753
-115.4000170000 54.0923187219
-115.4716950000 54.0669214433
-115.5156480000 54.1086450637
-115.5279010000 54.0827172024
-115.6286930000 54.0850312835
30
89
-114.1873860000 53.5814488632
-114.2906720000 53.5625531949
-114.3530960000 53.6079178280
-114.3534090000 53.6590226160
-114.4913100000 53.7020845661
-114.5499270000 53.7475642231
-114.6849210000 53.7816501024
-114.7142870000 53.7525217526
-114.7972340000 53.7738419834
-114.7962040000 53.7317803094
-114.7610400000 53.7099768029
-114.7121730000 53.7100386482
-114.7121120000 53.6851866722
-114.7120290000 53.6460623140
-114.6911390000 53.6460181750
-114.6847920000 53.6239458929
-114.6500850000 53.6239017663
-114.6503300000 53.6031768100
-114.6502690000 53.5814268119
-114.6290890000 53.5813092051
-114.6259540000 53.5601252379
-114.5867690000 53.5566656764
-114.5798800000 53.5176011849
-114.5657500000 53.5103231940
-114.5575030000 53.4773405715
-114.4836810000 53.4735763762
-114.4751050000 53.4129279113
-114.4196620000 53.4126814686
-114.4195860000 53.3920123866
-114.4513700000 53.3917777420
-114.4512100000 53.3784422841
-114.4528120000 53.3691964870
-114.5254060000 53.3922250339
-114.5255660000 53.3784422841
-114.5468220000 53.3627033816
-114.5462880000 53.3251656303
-114.5659940000 53.3254352424
-114.5658950000 53.3060914644
-114.5663220000 53.1350825588
-114.5491260000 53.1351761099
-114.5532070000 53.0090023586
-114.6750870000 53.0091307853
-114.6749950000 52.9936773075
-114.6216960000 52.9515641124
-114.6426850000 52.9009909593
-114.6131210000 52.8504036518
-114.5420000000 52.8669842367
-114.4686890000 52.8406372618
-114.4247740000 52.8824186922
-114.3585820000 52.8972266066
-114.3328860000 52.8827013600
-113.8278270000 52.8830903942
-113.6672670000 52.8862872499
-113.6677250000 52.9632753576
-113.6371080000 52.9635043495
-113.5510560000 52.9665425663
-113.5439450000 53.0055845348
-113.4798200000 53.0075210888
-113.4759670000 53.0898285720
-113.4165120000 53.0896941699
-113.4163590000 53.1115828302
-113.4162140000 53.1325114083
-113.4000630000 53.1325114083
-113.3030010000 53.1328008230
-113.3027040000 53.6177743016
-113.3028720000 53.6421001986
-113.4471280000 53.6414543325
-113.4661250000 53.6413763582
-113.4664840000 54.2633012385
-113.6339570000 54.2631143790
-113.8759310000 54.2641154173
-113.9487610000 54.2640872398
-113.9300000000 54.2610723008
-113.9194180000 54.1888822216
-113.9276280000 54.1462951489
-113.9091870000 54.1368068871
-113.9504390000 54.0802389629
-113.9043730000 54.0379716224
-113.8711090000 53.9556756886
-113.8918530000 53.9077774164
-113.8867110000 53.8474650814
-113.9010770000 53.8386710039
-113.8249050000 53.7735383992
-113.8219760000 53.6461358792
-113.9235310000 53.6454443697
-113.9339900000 53.6454679103
-113.9337840000 53.5941808425
-113.9337390000 53.5815620598
-114.1873860000 53.5814488632
30
45
-107.5114970000 51.9880586600
-107.4249650000 51.9772657923
-107.4249270000 51.8635772380
-107.4044270000 51.8635441541
-107.1763150000 51.8547112269
-107.1762920000 51.8010859756
-107.1674800000 51.8011463425
-107.0518040000 51.8017500140
-107.0519100000 51.7818815586
-107.0495910000 51.7389782629
-106.9390950000 51.7389667734
-106.9458080000 52.1229128061
-107.0074840000 52.1267444040
-107.0137180000 52.3716195992
-107.0285190000 52.3699128283
-107.0283810000 52.4970223455
-107.0445940000 52.4970716439
-107.1532290000 52.4972209893
-107.1532970000 52.5146789422
-107.1551130000 52.6020947971
-107.1745300000 52.6095607208
-107.1791920000 52.6231658482
-107.7385480000 52.6222625427
-107.7266690000 52.6014080605
-107.7173160000 52.5733600409
-107.7036440000 52.5592048102
-107.6962740000 52.5225746417
-107.6643370000 52.4961639780
-107.6543270000 52.4674140469
-107.6332930000 52.4472132911
-107.6133270000 52.4333674687
-107.6127850000 52.3708407628
-107.5748520000 52.3496167986
-107.5706790000 52.3083590170
-107.5288090000 52.2873325362
-107.5288930000 52.2776079747
-107.5288620000 52.2447557273
-107.5079570000 52.2449653025
-107.5079420000 52.2136825744
-107.4729080000 52.1820756690
-107.4668200000 52.1123930972
-107.4833600000 52.1058871593
-107.4739460000 52.0762816953
-107.5182720000 52.0132054380
-107.5114970000 51.9880586600
30
59
-107.7812120000 52.6429729094
-107.7385480000 52.6222625427
-107.1791920000 52.6231658482
-107.1745300000 52.6095607208
-107.1551130000 52.6020947971
-107.1532970000 52.5146789422
-107.1532290000 52.4972209893
-107.0445940000 52.4970716439
-107.0283810000 52.4970223455
-107.0285190000 52.3699128283
-107.0137180000 52.3716195992
-107.0074840000 52.1267444040
-106.9458080000 52.1229128061
-106.9390950000 51.7389667734
-106.9389720000 51.6838333147
-106.9042740000 51.6838333147
-106.8772200000 51.6838720651
-106.8769610000 51.6356740134
-106.8949580000 51.6215040683
-106.9124910000 51.6214280622
-106.9125900000 51.6016330871
-106.9075240000 51.4722641011
-106.7274860000 51.4562511395
-106.7305830000 50.9979499612
-106.7685930000 50.9923208655
-106.7680130000 50.7534922955
-106.7506100000 50.7524963957
-106.2796780000 50.7537944727
-106.2790370000 50.9980367628
-106.2353670000 51.0060058304
-106.2340930000 51.6217349551
-106.1918640000 51.6220189039
-106.1915050000 52.1130756094
-106.1662900000 52.1234193457
-106.1532670000 52.1235073771
-106.1552660000 52.6176488747
-106.1255720000 52.6247619068
-106.1209180000 53.1263944840
-106.1020740000 53.1315686255
-106.0863340000 53.1315408538
-106.0865020000 53.1530274105
-106.7202610000 53.1519791138
-106.7200240000 53.1729696447
-107.8921200000 53.1611715593
-107.8406070000 53.0900900724
-107.8535460000 53.0831408848
-107.8392410000 53.0771797106
-107.8534320000 53.0552173930
-107.8275760000 53.0214183936
-107.8080140000 52.9837486998
-107.8277440000 52.9776156201
-107.8225560000 52.9437259895
-107.7931750000 52.9097911818
-107.8206560000 52.8608879208
-107.8110960000 52.8512702480
-107.8316730000 52.7894293993
-107.7956770000 52.7867647349
-107.7943950000 52.6427521096
-107.7812120000 52.6429729094
30
95
-114.1873860000 53.5814488632
-114.1867600000 53.6454958649
-114.2029190000 53.6456194534
-114.2033000000 53.8951358638
-114.3253940000 53.9029561432
-114.3526460000 53.9511631100
-114.3261720000 54.0665427514
-114.2826770000 54.0734393755
-114.3014600000 54.1107956252
-114.3830800000 54.0886386651
-114.3655780000 54.1702845348
-114.3301700000 54.1981516183
-114.3410030000 54.2371289761
-114.3199310000 54.2528022111
-114.3498920000 54.2646819366
-114.5364070000 54.2657615974
-114.5832900000 54.2658135046
-114.5841290000 54.4726752947
-114.6043780000 54.4808216499
-114.6042790000 54.5452226045
-114.6064680000 54.6731360320
-114.9896390000 54.6707759967
-114.9934230000 54.8634060131
-115.0107500000 54.8649215176
-115.0108030000 54.8850787665
-115.1259840000 54.8853074997
-115.1544720000 54.8852731149
-115.1367340000 54.8358108083
-115.1530000000 54.8022263318
-115.1758350000 54.8205776802
-115.1850280000 54.7385106869
-115.2459640000 54.7320962093
-115.2781520000 54.6953206091
-115.3181760000 54.7407474491
-115.3947980000 54.7246916493
-115.3999330000 54.7626260726
-115.4210740000 54.7600588188
-115.4256060000 54.7273785735
-115.4602810000 54.7396387590
-115.5227050000 54.7215841239
-115.5576320000 54.7685489931
-115.5387040000 54.8297751598
-115.5446780000 54.8572262319
-115.6403660000 54.9757805989
-115.6453480000 55.0592260478
-115.6926420000 55.1071393771
-115.6718670000 55.1675430769
-115.7086030000 55.2303489357
-115.7605060000 55.2528989181
-115.7994160000 55.1930810341
-115.9367900000 55.1344030591
-115.9567110000 55.0819896636
-116.0077210000 55.0966509604
-116.0169300000 55.1680067274
-116.0497670000 55.1809390535
-116.0488510000 54.8247199208
-116.0194090000 54.8039288043
-115.9189380000 54.6409425995
-115.8529210000 54.6023797126
-115.8326720000 54.4964817747
-115.7983700000 54.4972760947
-115.7775500000 54.4437848033
-115.7229310000 54.4051164851
-115.7358400000 54.3459179470
-115.6950150000 54.2990693947
-115.6880340000 54.2563877361
-115.7558980000 54.1868702448
-115.6983950000 54.1619559809
-115.7109530000 54.1410089425
-115.6867070000 54.0938428817
-115.6286930000 54.0850312835
-115.5279010000 54.0827172024
-115.5156480000 54.1086450637
-115.4716950000 54.0669214433
-115.4000170000 54.0923187219
-115.3411560000 54.0729082753
-115.2477420000 54.0856408867
-115.1579280000 54.0357047802
-115.1209790000 53.9963982158
-115.0865330000 54.0053520209
-114.9790270000 53.9593790049
-114.9677890000 53.8382771964
-114.9058150000 53.8376356042
-114.9058070000 53.8190700652
-114.8422550000 53.8058030370
-114.8337400000 53.7736002949
-114.7972340000 53.7738419834
-114.7142870000 53.7525217526
-114.6849210000 53.7816501024
-114.5499270000 53.7475642231
-114.4913100000 53.7020845661
-114.3534090000 53.6590226160
-114.3530960000 53.6079178280
-114.2906720000 53.5625531949
-114.1873860000 53.5814488632
30
32
-110.7432100000 56.3657952923
-110.7556460000 55.1878022637
-110.6255190000 55.1898750046
-110.6253130000 55.3181951377
-110.6065060000 55.3182973710
-109.8457640000 55.3163654861
-109.8448030000 55.1869332600
-109.7269360000 55.1904303466
-109.7269590000 55.1773658644
-109.7270430000 55.0572602108
-109.7175600000 55.0572886791
-109.5342940000 55.0609581837
-109.5336380000 55.1831256690
-109.5336000000 55.1901556769
-109.5516890000 55.1902082093
-109.5516590000 55.2451061546
-109.5513380000 55.2986575542
-109.5190810000 55.2985312984
-109.5190200000 55.4212778477
-109.5189670000 55.4509108617
-109.5007480000 55.4508656807
-109.4971690000 55.5193605456
-109.4972610000 55.5378719040
-109.4719920000 55.5378899970
-109.4644470000 55.6385906599
-109.4959260000 55.6474442324
-109.5007480000 55.7118144297
-109.5057750000 56.2366796944
-109.5007400000 56.2368775053
-109.4896240000 56.2370159731
-109.4896930000 56.3689291287
-110.7432100000 56.3657952923
30
26
-104.0450670000 53.9635315967
-104.1254880000 53.9638580816
-104.1315540000 53.9069433414
-104.4202650000 53.9002312078
-104.4503560000 53.8468691414
-104.4303130000 53.8358347494
-104.3869860000 53.7843723692
-104.3416060000 53.7395061473
-104.3416820000 53.7186886386
-104.3057330000 53.5686410554
-104.3100970000 53.4405373295
-104.3273770000 53.4295821886
-104.3275300000 53.3870732659
-104.3381200000 53.3869280886
-104.3754960000 53.3015532611
-104.4435350000 53.2171829003
-104.5005040000 53.1745315469
-104.6037670000 53.1748386662
-104.6070180000 52.9179262138
-104.4177780000 52.9163475350
-104.4175490000 52.8968593623
-104.3542860000 52.8892554585
-104.3538740000 52.8545706831
-104.3396610000 52.8545546612
-104.0452730000 52.8545765092
-104.0450670000 53.9635315967
30
84
-108.6309510000 53.0119868737
-108.6256940000 53.1393085495
-108.6108020000 53.1394371893
-108.6106720000 53.1613835816
-108.6133800000 53.5220784771
-108.7367020000 53.5260844607
-108.7363890000 53.6492786461
-108.7248540000 53.6492389193
-108.7192230000 53.7758536267
-108.7082290000 53.7758374155
-108.5904920000 53.7761410086
-108.5905760000 53.7872450754
-108.5905150000 53.8289148985
-108.3364720000 53.8406002469
-108.3149570000 53.8416696109
-108.3151250000 53.8714967650
-108.3126140000 54.2387805139
-108.3295360000 54.2390799886
-108.3337550000 54.2148514748
-108.3914410000 54.2539840222
-108.4245220000 54.2407033989
-108.4390640000 54.2818144255
-108.4757690000 54.2598162343
-108.5059970000 54.2635444531
-108.5254820000 54.2933929748
-108.5672840000 54.2785095526
-108.6642460000 54.2926956910
-108.7247160000 54.3359183636
-108.7691730000 54.3298191916
-108.7887800000 54.3530547211
-108.7836000000 54.3836848376
-108.8910220000 54.4629031789
-108.9489750000 54.4615412473
-108.9220200000 54.4997215806
-108.9471360000 54.5250735054
-108.9405750000 54.5471412021
-108.9807050000 54.5648246075
-109.0746690000 54.5616326912
-109.1420750000 54.5313517703
-109.2773820000 54.5492310244
-109.3143390000 54.4974679823
-109.4279020000 54.4413351380
-109.5184100000 54.4809183168
-109.5384520000 54.4695778823
-109.5829620000 54.4825006967
-109.6098710000 54.4594195960
-109.6803670000 54.4625344440
-109.7254100000 54.4152171292
-109.8364720000 54.4300302231
-109.8470990000 54.1776125642
-109.9792180000 54.0988772607
-110.0286030000 54.0782860179
-110.0802310000 54.0384344627
-110.1088640000 54.0299056320
-110.1619640000 53.9942064789
-110.2132950000 53.9918995319
-110.2135090000 53.9303111563
-110.2134170000 53.9068931495
-110.1462780000 53.9068872446
-110.1279530000 53.9067750512
-110.1278690000 53.7841129612
-110.0007550000 53.7788056046
-110.0002520000 53.7325432847
-110.0002210000 53.7148524248
-109.8757480000 53.7154193773
-109.8724820000 53.6540327629
-109.7763750000 53.6511193422
-109.7569050000 53.6511369990
-109.7554240000 53.2475925037
-109.7554020000 53.2265278645
-109.7913440000 53.2052318649
-109.7986370000 53.1333986577
-109.8355180000 53.1204738718
-109.8301160000 53.0991642378
-109.7878190000 53.0784271230
-109.7876890000 53.0569448886
-109.7628100000 53.0571843754
-109.7491380000 53.0045148535
-109.7457050000 52.9308498299
-109.3891600000 52.9306617553
-109.3889620000 53.0143191065
-109.3757320000 53.0142242396
-109.0097350000 53.0136842303
-108.6309510000 53.0119868737
30
44
-111.4088900000 54.4091458869
-110.9791030000 54.4072990518
-111.0473860000 54.2769194664
-111.0432660000 54.2498099518
-110.9444350000 54.1919565871
-110.9247280000 54.1785799099
-110.8892360000 54.1918099038
-110.8641660000 54.1522673661
-110.8328250000 54.1521933214
-110.7687680000 54.1519326847
-110.7689060000 54.1288090995
-110.7663120000 54.0352020323
-110.6409530000 54.0342837863
-110.6395650000 53.9913083970
-110.2132950000 53.9918995319
-110.1619640000 53.9942064789
-110.1088640000 54.0299056320
-110.0802310000 54.0384344627
-110.0286030000 54.0782860179
-109.9792180000 54.0988772607
-109.8470990000 54.1776125642
-109.8364720000 54.4300302231
-109.7254100000 54.4152171292
-109.6803670000 54.4625344440
-109.6098710000 54.4594195960
-109.5829620000 54.4825006967
-109.5384520000 54.4695778823
-109.5342940000 55.0609581837
-109.7175600000 55.0572886791
-109.7270430000 55.0572602108
-109.7269590000 55.1773658644
-109.7269360000 55.1904303466
-109.8448030000 55.1869332600
-109.8457640000 55.3163654861
-110.6065060000 55.3182973710
-110.6253130000 55.3181951377
-110.6255190000 55.1898750046
-110.7556460000 55.1878022637
-110.8205720000 55.1878367839
-110.8271480000 55.0798343993
-110.8270800000 55.0580887930
-111.4090350000 55.0565395164
-111.4084930000 54.8394518474
-111.4088900000 54.4091458869
30
65
-105.8437960000 54.8742274278
-105.7852710000 54.8936290651
-105.7720410000 54.9308194715
-105.7490230000 54.8972100367
-105.6774900000 54.9474254575
-105.6434400000 54.9352129774
-105.6485440000 54.9744904138
-105.5654750000 54.9820103119
-105.5354080000 54.9581733835
-105.5031970000 55.0050999704
-105.3393550000 54.9999987802
-105.3151630000 54.9769914768
-105.2249760000 54.9948245691
-105.2225110000 54.9567473229
-105.1947400000 54.9570151748
-105.1798400000 55.0113889590
-105.1714100000 54.9807020603
-105.1106110000 54.9756488853
-105.1196670000 54.9492014627
-105.0553280000 54.9740384051
-105.0489650000 54.9400286194
-105.0020370000 54.9873438377
-104.9946290000 54.9571348855
-104.9759670000 54.9813307368
-104.9841080000 55.0098855446
-104.9422000000 54.9988219759
-104.9231490000 55.0622153551
-104.8964690000 55.0831572486
-104.8424220000 55.0406859465
-104.7731020000 55.0526814437
-104.7466740000 55.0246424388
-104.7074890000 55.0375671538
-104.6794590000 55.0128909054
-104.6267780000 55.0264531761
-104.6302570000 55.0471561216
-104.6107330000 55.0708767608
-104.5893250000 55.0526245105
-104.5921250000 55.0205568291
-104.5489960000 55.0445329311
-104.5104600000 55.0227388891
-104.4782490000 55.0436700393
-104.4432680000 55.0009405359
-104.3674930000 54.9685531469
-104.3532330000 54.9316003214
-104.2021480000 54.9133197386
-104.2076800000 54.9472997771
-104.1919480000 54.9615598221
-104.1719360000 54.9127828438
-104.1390230000 54.9424373014
-104.1152190000 54.9068383675
-104.0953370000 54.9103990164
-104.1018140000 54.8611761534
-104.0441210000 54.8529895943
-104.0469130000 55.4430241689
-104.6255190000 55.4427832286
-104.6276020000 55.5724357057
-104.7576220000 55.5743288033
-104.7576290000 55.7026602660
-104.9733510000 55.7051730941
-105.8044360000 55.7053166436
-105.8043440000 55.1870638351
-105.8155590000 55.1870068022
-105.8434600000 55.1868402067
-105.8436130000 55.1323318137
-105.8437960000 54.8742274278
30
33
-109.6543050000 52.2422307512
-109.6541290000 52.1163280845
-109.6449740000 52.1161909988
-109.6044690000 52.1058366606
-109.6033480000 51.9911518672
-109.4172970000 51.9898220759
-109.4154210000 52.1163886909
-108.9241260000 52.1163122114
-108.7798460000 52.1168071649
-108.7857820000 52.3251518083
-108.7997440000 52.3297209658
-108.8053440000 52.3663343746
-108.8201520000 52.3747017238
-108.8406220000 52.4317810625
-108.8506700000 52.4528241756
-108.8611070000 52.4577934444
-108.8607180000 52.5787084579
-108.8712620000 52.5788536031
-108.8814240000 52.5999184578
-108.8816300000 52.6337971651
-108.9052510000 52.6348109911
-108.9058150000 52.7613596214
-108.9881900000 52.7680360376
-108.9889600000 52.8278172531
-109.0094380000 52.8305721267
-109.0097350000 53.0136842303
-109.3757320000 53.0142242396
-109.3889620000 53.0143191065
-109.3891600000 52.9306617553
-109.3879930000 52.6360586830
-109.4001240000 52.6351160129
-109.4028240000 52.2527893571
-109.6543050000 52.2422307512
30
60
-110.0638200000 50.7427451704
-109.7982180000 50.7360785859
-109.6911090000 50.7359268211
-109.6877750000 50.8692194582
-109.6086580000 50.8692407688
-109.6086430000 50.8848941979
-109.6088030000 50.9309940522
-109.5884170000 50.9308902613
-109.5858840000 50.9724855652
-109.5677340000 50.9796867140
-109.5620120000 51.0139002540
-109.5415120000 51.0139486448
-109.5414810000 51.0345116640
-109.5216520000 51.0344789207
-109.4781040000 51.0962778524
-109.4384690000 51.1048536708
-109.4112470000 51.1374512639
-109.3560560000 51.1489197861
-109.3561780000 51.1584978618
-109.1914900000 51.1680984687
-109.1914520000 51.2422270149
-109.1802830000 51.2422056054
-109.1284640000 51.2421014122
-109.1283800000 51.2651142562
-109.1271820000 51.3343553039
-109.0673520000 51.3284082581
-108.9748080000 51.3755108852
-108.9072270000 51.3556122386
-108.8426970000 51.3677395329
-108.8521960000 51.4082672083
-108.8845440000 51.4359017793
-108.8846890000 51.4705993940
-108.9031600000 51.4699824735
-108.9052280000 51.4712707120
-108.9016040000 51.8676984566
-108.9221120000 51.8803755964
-108.9241260000 52.1163122114
-109.4154210000 52.1163886909
-109.4172970000 51.9898220759
-109.4233020000 51.8737130851
-109.5007320000 51.8670295532
-109.5059130000 51.7459368990
-109.5383760000 51.7399433874
-109.5489200000 51.7401889789
-109.5470350000 51.6353742386
-109.5464480000 51.6146552058
-109.5636220000 51.6145347537
-109.5619280000 51.3699367650
-109.6807630000 51.3647232617
-109.6854930000 51.3149197290
-109.6855550000 51.3028989760
-109.8032760000 51.3032917826
-109.8088300000 51.2564014037
-109.8088380000 51.2412036438
-109.9311370000 51.2414648377
-109.9321440000 51.0309768878
-109.9322280000 50.9934335625
-110.0419690000 50.9934876326
-110.0633470000 50.9937167193
-110.0638200000 50.7427451704
30
56
-104.0441210000 54.8529895943
-104.1018140000 54.8611761534
-104.0953370000 54.9103990164
-104.1152190000 54.9068383675
-104.1390230000 54.9424373014
-104.1719360000 54.9127828438
-104.1919480000 54.9615598221
-104.2076800000 54.9472997771
-104.2021480000 54.9133197386
-104.3532330000 54.9316003214
-104.3674930000 54.9685531469
-104.4432680000 55.0009405359
-104.4782490000 55.0436700393
-104.5104600000 55.0227388891
-104.5489960000 55.0445329311
-104.5921250000 55.0205568291
-104.5893250000 55.0526245105
-104.6107330000 55.0708767608
-104.6302570000 55.0471561216
-104.6267780000 55.0264531761
-104.6794590000 55.0128909054
-104.7074890000 55.0375671538
-104.7466740000 55.0246424388
-104.7731020000 55.0526814437
-104.8424220000 55.0406859465
-104.8964690000 55.0831572486
-104.9231490000 55.0622153551
-104.9422000000 54.9988219759
-104.9841080000 55.0098855446
-104.9759670000 54.9813307368
-104.9946290000 54.9571348855
-105.0020370000 54.9873438377
-105.0489650000 54.9400286194
-105.0553280000 54.9740384051
-105.1196670000 54.9492014627
-105.1106110000 54.9756488853
-105.1714100000 54.9807020603
-105.1798400000 55.0113889590
-105.1947400000 54.9570151748
-105.1949310000 54.6620580576
-105.2276230000 54.6620237722
-105.2346190000 54.5467378313
-105.2349170000 54.4273030815
-104.9818120000 54.4169229873
-104.9786000000 54.2942356581
-104.6126480000 54.2872467084
-104.5936280000 54.2869856178
-104.5938110000 54.1582607766
-104.5289920000 54.1584014726
-104.5128860000 54.1584695991
-104.5132680000 53.9113647790
-104.4202650000 53.9002312078
-104.1315540000 53.9069433414
-104.1254880000 53.9638580816
-104.0450670000 53.9635315967
-104.0441210000 54.8529895943
30
43
-105.4062350000 53.6452369180
-105.3389890000 53.6450235818
-105.3248060000 53.6450633065
-105.3248980000 53.3452909106
-105.1993030000 53.3450842532
-105.1968150000 53.2874686321
-105.1969450000 53.2601414734
-105.0947110000 53.2600960873
-105.0694810000 53.2600682701
-105.0694960000 53.2396252718
-105.0278550000 53.2184047358
-105.0275880000 53.1955003139
-105.0275190000 53.1757249313
-104.6037670000 53.1748386662
-104.5005040000 53.1745315469
-104.4435350000 53.2171829003
-104.3754960000 53.3015532611
-104.3381200000 53.3869280886
-104.3275300000 53.3870732659
-104.3273770000 53.4295821886
-104.3100970000 53.4405373295
-104.3057330000 53.5686410554
-104.3416820000 53.7186886386
-104.3416060000 53.7395061473
-104.3869860000 53.7843723692
-104.4303130000 53.8358347494
-104.4503560000 53.8468691414
-104.4202650000 53.9002312078
-104.5132680000 53.9113647790
-104.5128860000 54.1584695991
-104.5289920000 54.1584014726
-104.5938110000 54.1582607766
-104.5936280000 54.2869856178
-104.6126480000 54.2872467084
-104.9786000000 54.2942356581
-104.9818120000 54.4169229873
-105.2349170000 54.4273030815
-105.2346190000 54.5467378313
-105.3629910000 54.5462332485
-105.3630520000 54.5236717912
-105.3641970000 54.1586562069
-105.4065020000 54.1473006054
-105.4062350000 53.6452369180
30
17
-109.7457050000 52.9308498299
-109.8205490000 52.9306442600
-109.9710620000 53.0151203714
-110.0295940000 52.9929594293
-110.0534290000 53.0122539531
-110.1044390000 53.0032350494
-110.1311720000 52.9663194000
-110.1960140000 52.9771648489
-110.2112960000 52.9523880720
-110.2733760000 52.9554200261
-110.2818600000 52.2438466110
-109.6543050000 52.2422307512
-109.4028240000 52.2527893571
-109.4001240000 52.6351160129
-109.3879930000 52.6360586830
-109.3891600000 52.9306617553
-109.7457050000 52.9308498299
30
37
-114.0681530000 56.3663882115
-114.0496220000 56.3123616455
-114.0212550000 56.3089514207
-114.0474470000 56.2714505700
-114.0146410000 56.2537298336
-114.0137410000 56.2290126394
-114.0573580000 56.1988661989
-113.9927440000 56.1448673553
-114.0009610000 56.1113467876
-113.9561770000 56.0906622960
-113.9110260000 56.1397017853
-113.8749920000 56.1204984840
-113.8410030000 56.1487109858
-113.8126600000 56.1231177975
-113.7899250000 56.1317892194
-113.7571790000 56.0909280693
-113.7714770000 56.0450587086
-113.7025760000 55.9368517080
-113.7401580000 55.8987550323
-113.7260670000 55.8685890936
-113.7534560000 55.7881760979
-113.6638180000 55.7390567446
-113.6394350000 55.7610478209
-113.5992810000 55.7232337384
-113.5420990000 55.7377415628
-113.4694370000 55.6717998645
-113.4787220000 55.5389424102
-113.4103620000 55.4883389166
-113.3558500000 55.4947987106
-113.3331220000 55.4399160982
-113.3871990000 55.3711777408
-113.3494720000 55.3237294607
-112.5760880000 55.3225597172
-112.5768890000 55.5844452244
-112.1843800000 55.5758930953
-112.1935880000 56.3662662740
-114.0681530000 56.3663882115
30
69
-106.9390950000 51.7389667734
-107.0495910000 51.7389782629
-107.0519100000 51.7818815586
-107.0518040000 51.8017500140
-107.1674800000 51.8011463425
-107.1762920000 51.8010859756
-107.1763150000 51.8547112269
-107.4044270000 51.8635441541
-107.4249270000 51.8635772380
-107.4249650000 51.9772657923
-107.5114970000 51.9880586600
-107.6742630000 51.9865574821
-107.6763230000 51.9051530559
-107.7980500000 51.9051487384
-107.7980880000 51.8875926266
-107.7981490000 51.8634233258
-107.8226930000 51.8635067548
-107.8399730000 51.8541560552
-107.8421710000 51.8224170211
-107.8815540000 51.8202073204
-107.8815610000 51.7804575432
-107.9430920000 51.7807535524
-108.0474170000 51.7780291600
-108.0498350000 51.6145404895
-108.0690610000 51.6128226323
-108.0706560000 51.2352420885
-108.1931230000 51.2354818553
-108.1931150000 51.2244033821
-108.1931920000 51.1940770473
-108.2058410000 51.1940499447
-108.3162540000 51.1941697665
-108.3163070000 51.1762099005
-108.3167340000 51.1528846117
-108.6449740000 51.1579916979
-108.6821140000 51.1137139831
-108.6998060000 50.9932926959
-108.6992490000 50.8076766887
-108.0982740000 50.8112840283
-108.1296840000 50.8062954086
-108.1310270000 50.7742430022
-108.1456530000 50.7718406133
-108.1304320000 50.7579782530
-108.1692120000 50.7393579094
-108.1637120000 50.6951521382
-108.1893770000 50.6832348702
-108.1886290000 50.6409623703
-108.2175220000 50.6321963314
-108.2397540000 50.5861916184
-108.2210920000 50.5651706504
-108.2446670000 50.5580643914
-108.2581790000 50.5089348994
-108.2493440000 50.4982202104
-106.2635880000 50.4902049202
-106.2636720000 50.7478915826
-106.2796780000 50.7537944727
-106.7506100000 50.7524963957
-106.7680130000 50.7534922955
-106.7685930000 50.9923208655
-106.7305830000 50.9979499612
-106.7274860000 51.4562511395
-106.9075240000 51.4722641011
-106.9125900000 51.6016330871
-106.9124910000 51.6214280622
-106.8949580000 51.6215040683
-106.8769610000 51.6356740134
-106.8772200000 51.6838720651
-106.9042740000 51.6838333147
-106.9389720000 51.6838333147
-106.9390950000 51.7389667734
30
26
-104.6070180000 52.9179262138
-104.6070330000 52.8795439888
-104.7223510000 52.8760924434
-104.7328410000 52.8761594623
-104.7328570000 52.8126715357
-104.7330860000 52.6242623181
-104.9032440000 52.6229436515
-104.9052660000 52.3783138544
-104.8855440000 52.3780040299
-104.8858410000 52.1227800384
-104.5171430000 52.1222677303
-104.5162730000 52.0079108707
-104.4003220000 52.0047507267
-104.3902890000 52.0049207632
-104.3907780000 51.9010586821
-104.3908770000 51.8830257935
-104.1353150000 51.8811223042
-104.1348110000 51.7648697576
-104.0440290000 51.7560290764
-104.0452730000 52.8545765092
-104.3396610000 52.8545546612
-104.3538740000 52.8545706831
-104.3542860000 52.8892554585
-104.4175490000 52.8968593623
-104.4177780000 52.9163475350
-104.6070180000 52.9179262138
30
18
-106.1121060000 56.3665909331
-106.1138460000 56.2321180155
-106.1517330000 56.2318913081
-106.1517640000 56.2090201590
-106.1507870000 56.1000879431
-106.0213700000 56.0905802862
-106.0212100000 55.7051730941
-105.8044360000 55.7053166436
-104.9733510000 55.7051730941
-104.9733120000 55.8365414804
-104.9905170000 55.8369456253
-105.0385670000 55.8367609596
-105.0385510000 55.8532085565
-105.0389400000 56.2320008579
-105.0578160000 56.2319780350
-105.0577620000 56.2701155106
-105.0575100000 56.3667890824
-106.1121060000 56.3665909331
30
38
-109.4172970000 51.9898220759
-109.6033480000 51.9911518672
-109.6044690000 52.1058366606
-109.6449740000 52.1161909988
-109.6541290000 52.1163280845
-109.6543050000 52.2422307512
-110.2818600000 52.2438466110
-110.2818600000 52.1913869945
-110.2818600000 52.1182545245
-110.2927020000 52.1182213345
-110.2926710000 51.6226427342
-110.2373960000 51.6170298706
-110.2208710000 51.6168162052
-110.2187880000 50.9999905344
-110.2242050000 50.9937764812
-110.2285460000 50.7440430908
-110.0638200000 50.7427451704
-110.0633470000 50.9937167193
-110.0419690000 50.9934876326
-109.9322280000 50.9934335625
-109.9321440000 51.0309768878
-109.9311370000 51.2414648377
-109.8088380000 51.2412036438
-109.8088300000 51.2564014037
-109.8032760000 51.3032917826
-109.6855550000 51.3028989760
-109.6854930000 51.3149197290
-109.6807630000 51.3647232617
-109.5619280000 51.3699367650
-109.5636220000 51.6145347537
-109.5464480000 51.6146552058
-109.5470350000 51.6353742386
-109.5489200000 51.7401889789
-109.5383760000 51.7399433874
-109.5059130000 51.7459368990
-109.5007320000 51.8670295532
-109.4233020000 51.8737130851
-109.4172970000 51.9898220759
30
17
-111.2706990000 56.3640912468
-112.1935880000 56.3662662740
-112.1843800000 55.5758930953
-112.0769960000 55.5120109127
-112.0426180000 55.5386770439
-112.0047840000 55.5327532821
-111.9922870000 55.5179164890
-111.9907840000 55.4512105630
-111.7974170000 55.4484244403
-111.7960660000 55.3849689354
-111.6661380000 55.3829089758
-111.6664510000 55.2090291165
-111.6666260000 55.1873850206
-111.4089200000 55.1875110938
-111.2747340000 55.1874645668
-111.2748340000 55.2000218860
-111.2706990000 56.3640912468
30
82
-107.7812120000 52.6429729094
-107.7820890000 52.4968454514
-107.8003310000 52.4964583158
-107.9284970000 52.4955840053
-107.9283910000 52.4758399188
-107.9469380000 52.4755369603
-108.0113910000 52.3942033932
-108.0293120000 52.3405907736
-108.0295330000 52.3064438695
-108.0468220000 52.3065986418
-108.3208390000 52.3032428990
-108.3209300000 52.2858763066
-108.3569340000 52.2864171475
-108.3752750000 52.2664446358
-108.4046630000 52.2542232967
-108.4087450000 52.1169947573
-108.7798460000 52.1168071649
-108.9241260000 52.1163122114
-108.9221120000 51.8803755964
-108.9016040000 51.8676984566
-108.9052280000 51.4712707120
-108.9031600000 51.4699824735
-108.8846890000 51.4705993940
-108.8845440000 51.4359017793
-108.8521960000 51.4082672083
-108.8426970000 51.3677395329
-108.7820890000 51.4066524585
-108.7832640000 51.3699482016
-108.8023610000 51.3333521913
-108.8016590000 51.2835252839
-108.7897950000 51.2834267492
-108.7603000000 51.2828326878
-108.7515560000 51.2419986465
-108.6991810000 51.2360641489
-108.6948010000 51.1582369375
-108.6449740000 51.1579916979
-108.3167340000 51.1528846117
-108.3163070000 51.1762099005
-108.3162540000 51.1941697665
-108.2058410000 51.1940499447
-108.1931920000 51.1940770473
-108.1931150000 51.2244033821
-108.1931230000 51.2354818553
-108.0706560000 51.2352420885
-108.0690610000 51.6128226323
-108.0498350000 51.6145404895
-108.0474170000 51.7780291600
-107.9430920000 51.7807535524
-107.8815610000 51.7804575432
-107.8815540000 51.8202073204
-107.8421710000 51.8224170211
-107.8399730000 51.8541560552
-107.8226930000 51.8635067548
-107.7981490000 51.8634233258
-107.7980880000 51.8875926266
-107.7980500000 51.9051487384
-107.6763230000 51.9051530559
-107.6742630000 51.9865574821
-107.5114970000 51.9880586600
-107.5182720000 52.0132054380
-107.4739460000 52.0762816953
-107.4833600000 52.1058871593
-107.4668200000 52.1123930972
-107.4729080000 52.1820756690
-107.5079420000 52.2136825744
-107.5079570000 52.2449653025
-107.5288620000 52.2447557273
-107.5288930000 52.2776079747
-107.5288090000 52.2873325362
-107.5706790000 52.3083590170
-107.5748520000 52.3496167986
-107.6127850000 52.3708407628
-107.6133270000 52.4333674687
-107.6332930000 52.4472132911
-107.6543270000 52.4674140469
-107.6643370000 52.4961639780
-107.6962740000 52.5225746417
-107.7036440000 52.5592048102
-107.7173160000 52.5733600409
-107.7266690000 52.6014080605
-107.7385480000 52.6222625427
-107.7812120000 52.6429729094
30
56
-110.2132950000 53.9918995319
-110.6395650000 53.9913083970
-110.6390460000 53.9303067263
-110.6392820000 53.9067292882
-110.7607730000 53.9069610562
-110.7670520000 53.8224395245
-110.7821040000 53.8314293939
-110.7880860000 53.7459348631
-110.7772140000 53.7234705479
-110.7664790000 53.7229757017
-110.7722700000 53.5195122287
-110.6895070000 53.5190348306
-110.6453550000 53.5190583332
-110.6363140000 53.1410481275
-110.6392060000 53.1402119558
-110.6528780000 53.1203730309
-110.6326140000 53.0581525518
-110.5641100000 53.0443509582
-110.5638500000 52.9908773278
-110.4847790000 52.9427533875
-110.4670940000 52.9093466290
-110.3757550000 52.9293816936
-110.3343430000 52.8993004031
-110.2733760000 52.9554200261
-110.2112960000 52.9523880720
-110.1960140000 52.9771648489
-110.1311720000 52.9663194000
-110.1044390000 53.0032350494
-110.0534290000 53.0122539531
-110.0295940000 52.9929594293
-109.9710620000 53.0151203714
-109.8205490000 52.9306442600
-109.7457050000 52.9308498299
-109.7491380000 53.0045148535
-109.7628100000 53.0571843754
-109.7876890000 53.0569448886
-109.7878190000 53.0784271230
-109.8301160000 53.0991642378
-109.8355180000 53.1204738718
-109.7986370000 53.1333986577
-109.7913440000 53.2052318649
-109.7554020000 53.2265278645
-109.7554240000 53.2475925037
-109.7569050000 53.6511369990
-109.7763750000 53.6511193422
-109.8724820000 53.6540327629
-109.8757480000 53.7154193773
-110.0002210000 53.7148524248
-110.0002520000 53.7325432847
-110.0007550000 53.7788056046
-110.1278690000 53.7841129612
-110.1279530000 53.9067750512
-110.1462780000 53.9068872446
-110.2134170000 53.9068931495
-110.2135090000 53.9303111563
-110.2132950000 53.9918995319
30
51
-112.5584560000 52.3095003165
-112.5696260000 52.3661302686
-112.5247270000 52.4025678935
-112.4885940000 52.4200107759
-112.4530870000 52.4024129337
-112.4524990000 52.4309683132
-112.4251330000 52.4433154675
-112.4172290000 52.4714333644
-112.3502200000 52.4841304144
-112.3106080000 52.5341440480
-112.3247530000 52.5539854001
-112.3051830000 52.5779885413
-112.3035740000 52.6723811107
-112.2930910000 52.6751538137
-112.3113560000 52.7646388365
-112.2988200000 52.8142044650
-112.3188780000 52.8732471084
-112.4108580000 52.8768107137
-112.4108280000 52.8979931617
-112.4107890000 52.9394652946
-112.4368590000 52.9393107357
-112.5353160000 52.9377476669
-112.5353470000 53.0127487093
-112.5356060000 53.1360911627
-112.5444410000 53.1360516954
-112.7953190000 53.1322775387
-112.7952190000 53.1756357194
-112.7985460000 53.6388444406
-113.0588680000 53.6421340368
-113.0596080000 54.0972804897
-113.1150050000 54.1018133925
-113.1179730000 54.2200522968
-113.1449280000 54.2579269826
-113.4664840000 54.2633012385
-113.4661250000 53.6413763582
-113.4471280000 53.6414543325
-113.3028720000 53.6421001986
-113.3027040000 53.6177743016
-113.3030010000 53.1328008230
-113.2915880000 53.1292489894
-113.2893680000 53.0968455581
-113.2654040000 53.1237417724
-113.2489010000 53.1157023380
-113.2277980000 53.0612119507
-113.1728970000 53.0184335207
-113.1777500000 52.9847218084
-113.1147160000 52.9598099309
-113.0464940000 52.9942113430
-113.0386730000 52.9842987162
-113.0368350000 52.3107978595
-112.5584560000 52.3095003165
30
11
-111.4089200000 55.1875110938
-111.4090350000 55.0565395164
-110.8270800000 55.0580887930
-110.8271480000 55.0798343993
-110.8205720000 55.1878367839
-110.7556460000 55.1878022637
-110.7432100000 56.3657952923
-111.2706990000 56.3640912468
-111.2748340000 55.2000218860
-111.2747340000 55.1874645668
-111.4089200000 55.1875110938
30
40
-113.0368350000 52.3107978595
-113.0390850000 52.2475958795
-113.2846530000 52.2430025442
-113.2781750000 51.9910582192
-113.3369370000 51.9338066089
-113.3970950000 51.9455712827
-113.4172060000 51.9102378559
-113.4585040000 51.9019912310
-113.4605940000 51.8690650508
-113.4823300000 51.8403858713
-113.5174790000 51.8392886733
-113.5163350000 51.8374739438
-113.4980010000 51.8371388992
-113.4414670000 51.7184965356
-113.4319530000 51.6397232356
-113.3776320000 51.5810489304
-113.3631670000 51.5780848125
-113.3396680000 51.6538591105
-113.2754210000 51.6641534486
-113.2142110000 51.7459096090
-113.1013720000 51.7555090668
-113.0854720000 51.7253155358
-113.0254440000 51.7421781548
-112.9658740000 51.7892994945
-112.9603730000 51.8140213469
-112.9287720000 51.8207780700
-112.9388730000 51.9149976840
-112.9228820000 51.9326750112
-112.8777690000 51.9249313408
-112.8531040000 51.9904603154
-112.7819370000 51.9954223331
-112.7776790000 52.1171491607
-112.6859660000 52.1212330225
-112.6413730000 52.1779597958
-112.5965650000 52.1644973259
-112.5768510000 52.1836570875
-112.5742720000 52.2361000329
-112.5974810000 52.2677674984
-112.5584560000 52.3095003165
-113.0368350000 52.3107978595
30
57
-105.8437960000 54.8742274278
-105.8986740000 54.9125031814
-105.8994520000 54.8723051705
-105.9195480000 54.8646375450
-106.0192340000 54.9080032992
-106.0202480000 54.8655492500
-106.0825270000 54.9118361833
-106.0985490000 54.8728358044
-106.1452030000 54.8700257285
-106.1237180000 54.9023956383
-106.2405930000 54.9018019978
-106.3187180000 54.9418448484
-106.3637010000 54.9283483280
-106.3953780000 54.9550339901
-106.4298710000 54.8861402138
-106.4185640000 54.7951913372
-106.3582920000 54.7891125792
-106.3582920000 54.6624053849
-106.3474960000 54.6623889874
-106.2610860000 54.6622578079
-106.2610700000 54.6461274027
-106.2605820000 54.1580963848
-106.2804790000 54.1580178916
-106.2980350000 54.1409970971
-106.2981870000 53.8999271310
-106.2505870000 53.8998592305
-106.1707000000 53.8998488978
-106.1638570000 53.6442776453
-106.0869830000 53.6443394385
-105.9600750000 53.6432448218
-105.9534000000 53.5149836741
-105.8328480000 53.5152524717
-105.8330690000 53.5458353288
-105.8328780000 53.6444174159
-105.4062350000 53.6452369180
-105.4065020000 54.1473006054
-105.3641970000 54.1586562069
-105.3630520000 54.5236717912
-105.3629910000 54.5462332485
-105.2346190000 54.5467378313
-105.2276230000 54.6620237722
-105.1949310000 54.6620580576
-105.1947400000 54.9570151748
-105.2225110000 54.9567473229
-105.2249760000 54.9948245691
-105.3151630000 54.9769914768
-105.3393550000 54.9999987802
-105.5031970000 55.0050999704
-105.5354080000 54.9581733835
-105.5654750000 54.9820103119
-105.6485440000 54.9744904138
-105.6434400000 54.9352129774
-105.6774900000 54.9474254575
-105.7490230000 54.8972100367
-105.7720410000 54.9308194715
-105.7852710000 54.8936290651
-105.8437960000 54.8742274278
30
44
-111.4088900000 54.4091458869
-111.4084930000 54.8394518474
-111.9837490000 54.8360558297
-111.9835430000 54.8469242105
-111.9834980000 54.9234810654
-112.0008470000 54.9235663221
-112.0475850000 54.9347956060
-112.0479350000 54.9887704650
-112.1773610000 54.9896911252
-112.1836700000 55.0548029852
-113.0168910000 55.0570264713
-112.9832990000 55.0351435108
-112.9953000000 55.0167230230
-112.9816970000 54.9695633629
-112.9369960000 54.9484593359
-112.9492950000 54.9082201370
-112.9069900000 54.9019395665
-112.8786160000 54.8226002250
-112.9133990000 54.7786166128
-112.9847030000 54.7900696793
-112.9718250000 54.7268713180
-112.9527280000 54.7135212531
-112.9123990000 54.5986411056
-112.9266280000 54.5032456558
-112.9019780000 54.4588977411
-112.9138110000 54.4035178573
-112.8561330000 54.3064155303
-112.7717670000 54.2608290939
-112.7309570000 54.2887227767
-112.5674440000 54.3173922590
-112.5466230000 54.3396606338
-112.5185850000 54.3242933909
-112.5131070000 54.2950902194
-112.4214170000 54.2664007993
-112.4056170000 54.1947258428
-112.3175810000 54.1773355471
-112.2800600000 54.1245914198
-112.0473100000 54.1388901187
-111.9246670000 54.1192992884
-111.9226530000 54.2802583883
-111.9121090000 54.2800492380
-111.6667940000 54.2806366405
-111.6639710000 54.4083584136
-111.4088900000 54.4091458869
30
123
-113.3494720000 55.3237294607
-113.3871990000 55.3711777408
-113.3331220000 55.4399160982
-113.3558500000 55.4947987106
-113.4103620000 55.4883389166
-113.4787220000 55.5389424102
-113.4694370000 55.6717998645
-113.5420990000 55.7377415628
-113.5992810000 55.7232337384
-113.6394350000 55.7610478209
-113.6638180000 55.7390567446
-113.7534560000 55.7881760979
-113.7260670000 55.8685890936
-113.7401580000 55.8987550323
-113.7025760000 55.9368517080
-113.7714770000 56.0450587086
-113.7571790000 56.0909280693
-113.7899250000 56.1317892194
-113.8126600000 56.1231177975
-113.8410030000 56.1487109858
-113.8749920000 56.1204984840
-113.9110260000 56.1397017853
-113.9561770000 56.0906622960
-114.0009610000 56.1113467876
-113.9927440000 56.1448673553
-114.0573580000 56.1988661989
-114.0137410000 56.2290126394
-114.0146410000 56.2537298336
-114.0474470000 56.2714505700
-114.0212550000 56.3089514207
-114.0496220000 56.3123616455
-114.0681530000 56.3663882115
-114.7279970000 56.3690800317
-114.7349700000 56.3426979088
-114.6847840000 56.3276265244
-114.7185670000 56.2758288768
-114.6917040000 56.1283171893
-114.7227550000 56.1118739222
-114.7325970000 56.0785257984
-114.6720890000 56.0627597446
-114.6353990000 56.0019064309
-114.6130140000 55.9955416457
-114.6909870000 55.9258383555
-114.6807100000 55.9095614509
-114.6922760000 55.8811829109
-114.6390300000 55.8502048836
-114.8866650000 55.8492813990
-114.8882060000 55.7343977774
-114.8699950000 55.7207671683
-114.8497010000 55.7207777478
-114.8482590000 55.2204668188
-114.8479460000 55.1975420806
-115.0009840000 55.1974685283
-115.0200810000 55.1972328611
-115.0108030000 54.8850787665
-115.0107500000 54.8649215176
-114.9934230000 54.8634060131
-114.9896390000 54.6707759967
-114.6064680000 54.6731360320
-114.6042790000 54.5452226045
-114.4813000000 54.5453357245
-114.4773410000 54.6721416179
-114.4820860000 54.6729601078
-114.4921040000 54.6730913055
-114.4920810000 54.7907759402
-114.4919890000 54.8019007755
-114.0628590000 54.8028580343
-114.0385280000 54.8028640079
-114.0440440000 54.8524590970
-114.0621110000 54.8439327877
-114.0782240000 54.8919634840
-114.0659100000 54.8934750646
-114.0500110000 54.8931775305
-114.0501100000 54.9148766050
-114.0281680000 54.9150485951
-114.0282900000 54.9334088721
-113.9320220000 54.9355495688
-113.8700330000 54.9226359820
-113.8654940000 54.8798106163
-113.8420180000 54.8264363345
-113.8140110000 54.8335877224
-113.7710950000 54.7811800051
-113.7475130000 54.7887094360
-113.7255330000 54.7424157369
-113.6677630000 54.6956844904
-113.6671680000 54.5849944901
-113.6821590000 54.5549604635
-113.6478650000 54.5104817440
-113.6600720000 54.4680701133
-113.6401900000 54.4430935974
-113.6056590000 54.4448966915
-113.5997010000 54.4091696598
-113.6339570000 54.2631143790
-113.4664840000 54.2633012385
-113.1449280000 54.2579269826
-113.1286770000 54.3541311587
-113.1646270000 54.4549742781
-113.1355440000 54.4785180390
-113.0809020000 54.4860076277
-113.0827790000 54.5203164109
-113.0615010000 54.5427518661
-113.0579760000 54.6659994937
-113.0931780000 54.7214080892
-113.0656430000 54.7492474382
-113.0211640000 54.7505562451
-112.9847030000 54.7900696793
-112.9133990000 54.7786166128
-112.8786160000 54.8226002250
-112.9069900000 54.9019395665
-112.9492950000 54.9082201370
-112.9369960000 54.9484593359
-112.9816970000 54.9695633629
-112.9953000000 55.0167230230
-112.9832990000 55.0351435108
-113.0168910000 55.0570264713
-113.0540160000 55.0422184255
-113.0703350000 55.0875819419
-113.0914230000 55.0630784549
-113.1298830000 55.0614616491
-113.1828610000 55.1209762008
-113.2314990000 55.1142659000
-113.2272800000 55.2112750838
-113.3494720000 55.3237294607
30
34
-111.4090350000 55.0565395164
-111.4089200000 55.1875110938
-111.6666260000 55.1873850206
-111.6664510000 55.2090291165
-111.6661380000 55.3829089758
-111.7960660000 55.3849689354
-111.7974170000 55.4484244403
-111.9907840000 55.4512105630
-111.9922870000 55.5179164890
-112.0047840000 55.5327532821
-112.0426180000 55.5386770439
-112.0769960000 55.5120109127
-112.1843800000 55.5758930953
-112.5768890000 55.5844452244
-112.5760880000 55.3225597172
-113.3494720000 55.3237294607
-113.2272800000 55.2112750838
-113.2314990000 55.1142659000
-113.1828610000 55.1209762008
-113.1298830000 55.0614616491
-113.0914230000 55.0630784549
-113.0703350000 55.0875819419
-113.0540160000 55.0422184255
-113.0168910000 55.0570264713
-112.1836700000 55.0548029852
-112.1773610000 54.9896911252
-112.0479350000 54.9887704650
-112.0475850000 54.9347956060
-112.0008470000 54.9235663221
-111.9834980000 54.9234810654
-111.9835430000 54.8469242105
-111.9837490000 54.8360558297
-111.4084930000 54.8394518474
-111.4090350000 55.0565395164
30
72
-114.6042790000 54.5452226045
-114.6043780000 54.4808216499
-114.5841290000 54.4726752947
-114.5832900000 54.2658135046
-114.5364070000 54.2657615974
-114.3498920000 54.2646819366
-114.3199310000 54.2528022111
-114.3410030000 54.2371289761
-114.3301700000 54.1981516183
-114.3655780000 54.1702845348
-114.3830800000 54.0886386651
-114.3014600000 54.1107956252
-114.2826770000 54.0734393755
-114.3261720000 54.0665427514
-114.3526460000 53.9511631100
-114.3253940000 53.9029561432
-114.2033000000 53.8951358638
-114.2029190000 53.6456194534
-114.1867600000 53.6454958649
-114.1873860000 53.5814488632
-113.9337390000 53.5815620598
-113.9337840000 53.5941808425
-113.9339900000 53.6454679103
-113.9235310000 53.6454443697
-113.8219760000 53.6461358792
-113.8249050000 53.7735383992
-113.9010770000 53.8386710039
-113.8867110000 53.8474650814
-113.8918530000 53.9077774164
-113.8711090000 53.9556756886
-113.9043730000 54.0379716224
-113.9504390000 54.0802389629
-113.9091870000 54.1368068871
-113.9276280000 54.1462951489
-113.9194180000 54.1888822216
-113.9300000000 54.2610723008
-113.9487610000 54.2640872398
-113.8759310000 54.2641154173
-113.6339570000 54.2631143790
-113.5997010000 54.4091696598
-113.6056590000 54.4448966915
-113.6401900000 54.4430935974
-113.6600720000 54.4680701133
-113.6478650000 54.5104817440
-113.6821590000 54.5549604635
-113.6671680000 54.5849944901
-113.6677630000 54.6956844904
-113.7255330000 54.7424157369
-113.7475130000 54.7887094360
-113.7710950000 54.7811800051
-113.8140110000 54.8335877224
-113.8420180000 54.8264363345
-113.8654940000 54.8798106163
-113.8700330000 54.9226359820
-113.9320220000 54.9355495688
-114.0282900000 54.9334088721
-114.0281680000 54.9150485951
-114.0501100000 54.9148766050
-114.0500110000 54.8931775305
-114.0659100000 54.8934750646
-114.0782240000 54.8919634840
-114.0621110000 54.8439327877
-114.0440440000 54.8524590970
-114.0385280000 54.8028640079
-114.0628590000 54.8028580343
-114.4919890000 54.8019007755
-114.4920810000 54.7907759402
-114.4921040000 54.6730913055
-114.4820860000 54.6729601078
-114.4773410000 54.6721416179
-114.4813000000 54.5453357245
-114.6042790000 54.5452226045
30
42
-104.7328570000 52.8126715357
-104.8586960000 52.8109333784
-104.8613280000 52.7492841488
-104.9847790000 52.7399186020
-104.9847110000 52.7078334145
-105.0005260000 52.7077956151
-105.2394180000 52.7119333098
-105.2460710000 52.7507154779
-105.4491120000 52.7528959775
-105.4490200000 52.7943369252
-105.4879230000 52.7944926554
-105.4918750000 52.7956628246
-105.4922330000 52.8786668827
-105.5756840000 52.8785270129
-105.5758060000 52.9121160156
-105.5762560000 53.0054502766
-105.5922780000 53.0056224773
-105.6178670000 53.0128494123
-105.6191330000 53.1327072747
-105.8327560000 53.1326400369
-105.8327640000 53.1506077230
-105.8346560000 53.1742975521
-106.0866700000 53.1739348615
-106.0865020000 53.1530274105
-106.0863340000 53.1315408538
-106.1020740000 53.1315686255
-106.1209180000 53.1263944840
-106.1255720000 52.6247619068
-106.1552660000 52.6176488747
-106.1532670000 52.1235073771
-106.1662900000 52.1234193457
-106.1915050000 52.1130756094
-106.1918640000 51.6220189039
-104.9820330000 51.6197373039
-104.9441910000 51.6196713378
-104.9394070000 52.1202315190
-104.8858410000 52.1227800384
-104.8855440000 52.3780040299
-104.9052660000 52.3783138544
-104.9032440000 52.6229436515
-104.7330860000 52.6242623181
-104.7328570000 52.8126715357
30
65
-110.6395650000 53.9913083970
-110.6409530000 54.0342837863
-110.7663120000 54.0352020323
-110.7689060000 54.1288090995
-110.7687680000 54.1519326847
-110.8328250000 54.1521933214
-110.8641660000 54.1522673661
-110.8892360000 54.1918099038
-110.9247280000 54.1785799099
-110.9444350000 54.1919565871
-111.0432660000 54.2498099518
-111.0473860000 54.2769194664
-110.9791030000 54.4072990518
-111.4088900000 54.4091458869
-111.6639710000 54.4083584136
-111.6667940000 54.2806366405
-111.9121090000 54.2800492380
-111.9226530000 54.2802583883
-111.9246670000 54.1192992884
-112.0473100000 54.1388901187
-112.0449220000 53.6642217612
-112.0105290000 53.6643218330
-112.0114140000 53.6428358157
-111.9802020000 53.6495640910
-111.9688260000 53.6334631010
-111.9421460000 53.5895759196
-111.9039610000 53.5780736192
-111.8966980000 53.5563629354
-111.8031390000 53.5678679209
-111.7893220000 53.5679237744
-111.7902220000 53.2732108148
-111.7900920000 53.2524569675
-111.6581340000 53.2516298557
-111.5393520000 53.2554112189
-111.5342640000 53.3791636957
-111.1585160000 53.3954250787
-111.1586000000 53.4414104612
-111.1586000000 53.5079688245
-111.1468890000 53.5078630778
-111.0806350000 53.5075384951
-111.0806120000 53.4408953857
-111.1048890000 53.4206046940
-111.0944980000 53.4047795796
-110.9128950000 53.3500441796
-110.8546450000 53.2925918868
-110.8556670000 53.2630681958
-110.7595980000 53.2318637440
-110.7536770000 53.1532291764
-110.6963650000 53.1503401730
-110.6687850000 53.1162591238
-110.6528780000 53.1203730309
-110.6392060000 53.1402119558
-110.6363140000 53.1410481275
-110.6453550000 53.5190583332
-110.6895070000 53.5190348306
-110.7722700000 53.5195122287
-110.7664790000 53.7229757017
-110.7772140000 53.7234705479
-110.7880860000 53.7459348631
-110.7821040000 53.8314293939
-110.7670520000 53.8224395245
-110.7607730000 53.9069610562
-110.6392820000 53.9067292882
-110.6390460000 53.9303067263
-110.6395650000 53.9913083970
30
84
-107.4148860000 54.3993981253
-107.4045560000 55.1857535920
-107.3790820000 55.1857010627
-107.3697200000 55.1875906401
-107.3693080000 55.3161820723
-107.3395610000 55.3159129660
-107.2605900000 55.3156032694
-107.2604830000 55.3320008678
-107.2604520000 55.4496939961
-107.2716670000 55.4496879720
-107.3011700000 55.4505900772
-107.3012310000 55.4661715152
-107.3015290000 55.5808833555
-107.2821580000 55.5809980085
-107.2580260000 55.5808652524
-107.2585140000 55.6097089289
-107.2569890000 55.6319571915
-107.1929240000 55.6257952540
-107.1928410000 55.7123493883
-107.2064290000 55.7123781009
-107.2064590000 55.7145466871
-107.2043230000 56.2349207224
-107.1800770000 56.2407547012
-107.1798630000 56.3680740175
-108.2364960000 56.3674460275
-108.2361530000 56.2364757977
-108.2506790000 56.2364240628
-108.2593690000 56.2364468870
-108.2593460000 55.9760850210
-108.3191450000 55.9762351466
-108.3190000000 55.7348467311
-108.3188320000 55.7130475603
-108.3368000000 55.7129024851
-108.3461910000 55.7130762732
-108.3459400000 55.4938282753
-108.3673550000 55.5058360179
-108.3596340000 55.5172381837
-108.4044880000 55.5196529779
-108.4108730000 55.5265420414
-108.4120860000 55.1874585633
-108.4338460000 55.1874645668
-108.4341130000 54.8463324913
-108.4339680000 54.8237743411
-108.6078190000 54.8455226203
-108.6255490000 54.7468791063
-108.6657030000 54.7433782270
-108.8862000000 54.7434409012
-108.8910220000 54.4629031789
-108.7836000000 54.3836848376
-108.7887800000 54.3530547211
-108.7691730000 54.3298191916
-108.7247160000 54.3359183636
-108.6642460000 54.2926956910
-108.5672840000 54.2785095526
-108.5254820000 54.2933929748
-108.5059970000 54.2635444531
-108.4757690000 54.2598162343
-108.4390640000 54.2818144255
-108.4245220000 54.2407033989
-108.3914410000 54.2539840222
-108.3337550000 54.2148514748
-108.3295360000 54.2390799886
-108.3126140000 54.2387805139
-108.1746440000 54.2336229103
-108.0640950000 54.2610218798
-107.9335780000 54.2178809224
-107.9190060000 54.1451149759
-107.8981090000 54.1300689703
-107.9089050000 54.0421298896
-107.8607030000 54.0519512034
-107.8690260000 54.0792861564
-107.8497390000 54.0993685815
-107.8655850000 54.1336488323
-107.8247910000 54.1797768871
-107.7641750000 54.1838908964
-107.7630230000 54.2090389422
-107.7363200000 54.2177564222
-107.6952290000 54.3067775877
-107.6508480000 54.2980679052
-107.6549910000 54.3410486300
-107.6194310000 54.3097379154
-107.6024480000 54.3374859090
-107.4457780000 54.2969521869
-107.4148860000 54.3993981253
30
63
-113.3030010000 53.1328008230
-113.4000630000 53.1325114083
-113.4162140000 53.1325114083
-113.4163590000 53.1115828302
-113.4165120000 53.0896941699
-113.4759670000 53.0898285720
-113.4798200000 53.0075210888
-113.5439450000 53.0055845348
-113.5510560000 52.9665425663
-113.6371080000 52.9635043495
-113.6677250000 52.9632753576
-113.6672670000 52.8862872499
-113.8278270000 52.8830903942
-113.8040310000 52.8376490407
-113.8092880000 52.7866745075
-113.8361360000 52.7706054954
-113.8284530000 52.7539840679
-113.8490600000 52.6714830548
-113.8787990000 52.6493022812
-113.8499450000 52.5754427600
-113.8584440000 52.5348635655
-113.8207860000 52.5149008348
-113.7840810000 52.4528951837
-113.7738110000 52.3908946198
-113.7852860000 52.3402087423
-113.7501450000 52.3191419876
-113.7750850000 52.2552322738
-113.8228910000 52.2276779324
-113.8180540000 52.2019056139
-113.7850880000 52.1873486308
-113.7951510000 52.1459932221
-113.7532420000 52.0883097942
-113.8035350000 51.9822212252
-113.7695850000 51.9661992922
-113.7461620000 51.9955159863
-113.6899190000 51.9772096132
-113.6719440000 51.9595454408
-113.6499710000 51.8774607691
-113.6160810000 51.8829883851
-113.6094210000 51.8549571720
-113.5800700000 51.8382303157
-113.5174790000 51.8392886733
-113.4823300000 51.8403858713
-113.4605940000 51.8690650508
-113.4585040000 51.9019912310
-113.4172060000 51.9102378559
-113.3970950000 51.9455712827
-113.3369370000 51.9338066089
-113.2781750000 51.9910582192
-113.2846530000 52.2430025442
-113.0390850000 52.2475958795
-113.0368350000 52.3107978595
-113.0386730000 52.9842987162
-113.0464940000 52.9942113430
-113.1147160000 52.9598099309
-113.1777500000 52.9847218084
-113.1728970000 53.0184335207
-113.2277980000 53.0612119507
-113.2489010000 53.1157023380
-113.2654040000 53.1237417724
-113.2893680000 53.0968455581
-113.2915880000 53.1292489894
-113.3030010000 53.1328008230
30
55
-111.8051450000 51.6358934665
-111.8108520000 51.6569393817
-111.9077760000 51.6793053968
-111.9280470000 51.7197069410
-111.9830320000 51.7053196671
-112.0376130000 51.7224235998
-112.1174470000 51.6880155880
-112.1125790000 51.6470835054
-112.1368260000 51.5972460198
-112.1899340000 51.5643248895
-112.4722980000 51.5665776801
-112.4990310000 51.5803379908
-112.5504460000 51.4724773808
-112.6866000000 51.3880601502
-112.6871410000 51.2983382750
-112.7046890000 51.2569024777
-112.6879650000 51.1782065106
-112.6005550000 51.1097624881
-112.5061650000 51.1278001557
-112.4643630000 51.0580902998
-112.4566960000 50.6619874526
-112.4568480000 50.6243448183
-112.3450240000 50.6240700362
-112.3337550000 50.6243023261
-112.3341450000 50.5256461934
-112.3342590000 50.4998550423
-112.1914060000 50.4996075527
-112.1901780000 50.3956453141
-112.1905750000 50.3757341576
-112.1669850000 50.3754799862
-112.1670230000 50.2889371240
-112.1671070000 50.2543026374
-112.0674590000 50.2534637180
-112.0658340000 50.2041208793
-112.0658720000 50.1937408060
-111.8019710000 50.1899523458
-111.7818150000 50.1900439205
-111.7818600000 50.1179262731
-111.7817150000 50.0882807023
-111.4729230000 50.0887900675
-111.4387890000 50.1047395925
-111.4148790000 50.0907178042
-111.3948140000 50.1481022359
-111.3776860000 50.1486556274
-111.3730390000 50.9898351388
-111.3730700000 50.9963377457
-111.3503190000 50.9962566377
-111.3513950000 51.4115182604
-111.5297010000 51.4123535718
-111.6596300000 51.5538671540
-111.7196500000 51.5569292460
-111.7217100000 51.5948561730
-111.7840650000 51.6194590994
-111.8050160000 51.6194920823
-111.8051450000 51.6358934665
30
48
-106.0866700000 53.1739348615
-105.8346560000 53.1742975521
-105.8327640000 53.1506077230
-105.8327560000 53.1326400369
-105.6191330000 53.1327072747
-105.6178670000 53.0128494123
-105.5922780000 53.0056224773
-105.5762560000 53.0054502766
-105.5758060000 52.9121160156
-105.5756840000 52.8785270129
-105.4922330000 52.8786668827
-105.4918750000 52.7956628246
-105.4879230000 52.7944926554
-105.4490200000 52.7943369252
-105.4491120000 52.7528959775
-105.2460710000 52.7507154779
-105.2394180000 52.7119333098
-105.0005260000 52.7077956151
-104.9847110000 52.7078334145
-104.9847790000 52.7399186020
-104.8613280000 52.7492841488
-104.8586960000 52.8109333784
-104.7328570000 52.8126715357
-104.7328410000 52.8761594623
-104.7223510000 52.8760924434
-104.6070330000 52.8795439888
-104.6070180000 52.9179262138
-104.6037670000 53.1748386662
-105.0275190000 53.1757249313
-105.0275880000 53.1955003139
-105.0278550000 53.2184047358
-105.0694960000 53.2396252718
-105.0694810000 53.2600682701
-105.0947110000 53.2600960873
-105.1969450000 53.2601414734
-105.1968150000 53.2874686321
-105.1993030000 53.3450842532
-105.3248980000 53.3452909106
-105.3248060000 53.6450633065
-105.3389890000 53.6450235818
-105.4062350000 53.6452369180
-105.8328780000 53.6444174159
-105.8330690000 53.5458353288
-105.8328480000 53.5152524717
-105.9534000000 53.5149836741
-105.9600750000 53.6432448218
-106.0869830000 53.6443394385
-106.0866700000 53.1739348615
30
49
-111.4979630000 53.0310451980
-111.6041790000 53.0527437673
-111.6392820000 52.9733297507
-111.6318740000 52.7492783304
-111.7878720000 52.7491168711
-111.7844240000 52.0018212570
-111.6863560000 51.9971268375
-111.6604390000 51.9969899571
-111.6599960000 51.6864726854
-111.6288450000 51.7245214635
-111.5984270000 51.7760218481
-111.5613940000 51.7814159847
-111.5099030000 51.8202188217
-111.4739910000 51.8539748342
-111.4612200000 51.9191877771
-111.4188690000 51.9220321569
-111.4244690000 52.0132270550
-111.3934250000 52.0553381930
-111.3985290000 52.0781855303
-111.3714070000 52.0930961538
-111.3493880000 52.1055726253
-111.3464970000 52.1882181038
-111.0625610000 52.2039338079
-111.0627520000 52.2458859946
-111.0828480000 52.2709395668
-111.0749890000 52.2874973940
-111.1270450000 52.3216086499
-111.1163180000 52.3848580935
-111.0683210000 52.4355841444
-111.0591130000 52.5104471484
-111.1263660000 52.5636220615
-111.1233370000 52.5801541166
-111.2093430000 52.5429049088
-111.2474590000 52.5605441806
-111.2585530000 52.6481880310
-111.2832110000 52.6823098137
-111.3449400000 52.7157818804
-111.3202970000 52.7403011146
-111.3346020000 52.7690675935
-111.3308110000 52.8434814195
-111.4114530000 52.8532481620
-111.4149780000 52.9023696639
-111.4519350000 52.9173096069
-111.4440460000 52.9342148374
-111.4624560000 52.9475086066
-111.4484020000 52.9647776733
-111.4634170000 52.9731795015
-111.4558260000 53.0029169257
-111.4979630000 53.0310451980
30
109
-107.9089050000 54.0421298896
-107.9226150000 54.0331319278
-107.9094240000 53.9696183286
-107.9635770000 53.8988628715
-107.9505000000 53.8803565283
-107.9634320000 53.8616804856
-107.9561000000 53.8445341037
-107.9347080000 53.8469310954
-107.9556270000 53.8354689789
-107.9460600000 53.8202128633
-107.9639510000 53.8030018860
-107.9464570000 53.7946506304
-107.9635700000 53.7824946287
-107.9517210000 53.7711495573
-107.9630970000 53.7652241894
-107.9478610000 53.7569845353
-107.9681930000 53.7443777218
-107.9486010000 53.7319320201
-107.9641570000 53.7163515446
-107.9369580000 53.6950985410
-107.9507980000 53.6640642954
-107.9314350000 53.6605383231
-107.9383010000 53.6439686795
-107.9231260000 53.6416455907
-107.9460680000 53.6275319938
-107.9385380000 53.6024033337
-107.9552460000 53.6097237257
-107.9385680000 53.5874279305
-107.9563750000 53.5819486939
-107.9406430000 53.5816458549
-107.9604190000 53.5626252118
-107.9319530000 53.5406514002
-107.9537580000 53.5366490781
-107.9332200000 53.5198765222
-107.9431530000 53.5023615098
-107.9177700000 53.4952861162
-107.9260710000 53.4430731069
-107.9021380000 53.4216345815
-107.9220960000 53.4087868980
-107.9022220000 53.4101188047
-107.8826070000 53.3785434573
-107.8893280000 53.3442796139
-107.9155270000 53.3331708663
-107.9049450000 53.2875403963
-107.9287950000 53.2793787307
-107.9155200000 53.2767750261
-107.9293590000 53.2712501284
-107.9177020000 53.2612980940
-107.9346620000 53.2553614437
-107.9403990000 53.2033460266
-107.9147190000 53.1947191503
-107.8921200000 53.1611715593
-106.7200240000 53.1729696447
-106.7202610000 53.1519791138
-106.0865020000 53.1530274105
-106.0866700000 53.1739348615
-106.0869830000 53.6443394385
-106.1638570000 53.6442776453
-106.1707000000 53.8998488978
-106.2505870000 53.8998592305
-106.2981870000 53.8999271310
-106.2980350000 54.1409970971
-106.2804790000 54.1580178916
-106.2605820000 54.1580963848
-106.2610700000 54.6461274027
-106.2610860000 54.6622578079
-106.3474960000 54.6623889874
-106.3582920000 54.6624053849
-106.3582920000 54.7891125792
-106.4185640000 54.7951913372
-106.4310910000 54.7934024513
-106.4397890000 54.8325329743
-106.5005950000 54.7979598618
-106.5100940000 54.7826550767
-106.4883960000 54.7569782270
-106.5304950000 54.7171341505
-106.5072940000 54.6822369321
-106.5430530000 54.6722429969
-106.5282970000 54.6375135776
-106.5605010000 54.6272304046
-106.5649030000 54.5843303161
-106.6093060000 54.5697377957
-106.6028060000 54.5386247184
-106.6114040000 54.5253800407
-106.6428070000 54.5500884037
-106.6659090000 54.5151117673
-106.7105100000 54.5206184635
-106.7311170000 54.4643944918
-106.8638230000 54.4660270885
-106.8782730000 54.3847899222
-107.0278090000 54.3532581295
-107.2467580000 54.3544815609
-107.2800140000 54.3814925392
-107.4148860000 54.3993981253
-107.4457780000 54.2969521869
-107.6024480000 54.3374859090
-107.6194310000 54.3097379154
-107.6549910000 54.3410486300
-107.6508480000 54.2980679052
-107.6952290000 54.3067775877
-107.7363200000 54.2177564222
-107.7630230000 54.2090389422
-107.7641750000 54.1838908964
-107.8247910000 54.1797768871
-107.8655850000 54.1336488323
-107.8497390000 54.0993685815
-107.8690260000 54.0792861564
-107.8607030000 54.0519512034
-107.9089050000 54.0421298896
