20
Cole County
-92.2407370000 41.8255051753
Jefferson County
-90.4992660000 41.5011309922
St. Louis County
-90.3784800000 41.9715556011
St. Francois County
-90.5056770000 40.9345320374
Greene County
-93.3160870000 40.1483957929
Jasper County
-94.4126950000 40.0630454913
Clay County
-94.4740330000 42.7425024704
Franklin County
-91.0360880000 41.6815831898
Cass County
-94.3766630000 42.0166680213
Scott County
-89.5785520000 39.9306960554
Butler County
-90.3877430000 39.5320238034
Christian County
-93.2367230000 39.8964057379
Boone County
-92.3133870000 42.4023232244
Newton County
-94.3678180000 39.7580046732
Pulaski County
-92.1988510000 40.9430530629
Buchanan County
-94.8270110000 43.3500425926
Jackson County
-94.4632420000 42.4463913077
Callaway County
-91.9457250000 42.1900235195
St. Charles County
-90.6518590000 42.1383649250
Cape Girardeau County
-89.6280020000 40.3274582868
117
31
5
-95.6583100000 44.2674333189
-95.6403270000 44.2807779820
-95.6446150000 44.3118970862
-95.6717450000 44.3096865085
-95.6583100000 44.2674333189
31
4
-95.6999660000 44.3735553406
-95.6962050000 44.3430968426
-95.6812590000 44.3630646903
-95.6999660000 44.3735553406
29
11
-90.1664120000 42.1234182873
-90.1826100000 42.1253461279
-90.2079090000 42.0812314522
-90.2503810000 42.0553631935
-90.3010710000 41.9743689549
-90.3188170000 41.9003873665
-90.2574160000 41.8150822447
-90.1847080000 41.9166375711
-90.1814120000 41.9798742604
-90.2120130000 42.0453408867
-90.1664120000 42.1234182873
29
6
-92.7723310000 39.2503769704
-92.7648320000 39.6345880726
-92.9093550000 39.6386522630
-93.3043210000 39.6481439569
-93.3153380000 39.2511693805
-92.7723310000 39.2503769704
29
6
-92.3499760000 44.1649864199
-92.3478090000 44.1076509334
-91.9497450000 44.1050888072
-91.9431150000 44.5058983481
-92.3507770000 44.4946346557
-92.3499760000 44.1649864199
29
10
-90.6399840000 41.2348024314
-90.6616290000 41.2440255894
-90.6552280000 41.2595202695
-90.6848750000 41.2474038319
-90.6762470000 41.2575481913
-90.7801820000 41.3970668046
-91.0957640000 41.3970273550
-91.1000140000 40.8083360857
-90.6451340000 40.8017619305
-90.6399840000 41.2348024314
29
16
-94.0737460000 40.6815876864
-94.0656740000 41.0121161176
-94.0582890000 41.1840063523
-94.0847170000 41.1786308083
-94.1032410000 41.1985322865
-94.1099240000 41.1850436624
-94.1330340000 41.2115402567
-94.1950070000 41.1893441154
-94.1987530000 41.2069136656
-94.2259520000 41.1715062156
-94.2435150000 41.1727173070
-94.2299420000 41.1948180533
-94.2406460000 41.2021946022
-94.6140520000 41.2139673088
-94.6175770000 40.6992160501
-94.0737460000 40.6815876864
29
10
-93.3043210000 39.6481439569
-93.3418500000 39.6590045399
-93.3378750000 39.8677604057
-93.6101230000 39.8719296965
-93.6110000000 39.7805989144
-93.6128770000 39.6554679068
-93.5738910000 39.6520937984
-93.5842820000 39.2517776872
-93.3153380000 39.2511693805
-93.3043210000 39.6481439569
29
35
-90.2586750000 39.7796257446
-90.2446060000 39.7414935617
-90.2565920000 39.7243864915
-90.2289660000 39.6970462984
-90.2163770000 39.6801896004
-90.2219540000 39.6526609301
-90.1976470000 39.6314582391
-90.2061840000 39.5945137111
-90.1880570000 39.5902891059
-90.1396940000 39.4941086792
-90.1482010000 39.4661771354
-90.1343990000 39.4537128147
-90.1473010000 39.4481007837
-90.1483990000 39.4158236409
-89.9589390000 39.4140217849
-89.7008970000 39.4206200323
-89.7022630000 39.7010556536
-89.6916350000 39.7012693740
-89.6869280000 39.7873801069
-89.7151180000 39.8173489705
-89.7214510000 39.8650623584
-89.7859730000 39.9812979491
-89.7655180000 40.0351413104
-89.8666310000 40.0353607988
-89.9577640000 40.0367442146
-89.9592670000 39.9505318358
-89.9935840000 39.9458140258
-89.9957280000 39.9279047685
-90.1112440000 39.9287842406
-90.1485210000 39.9289182919
-90.1499790000 39.8865274089
-90.1678090000 39.8865036160
-90.2233350000 39.8210868248
-90.2238160000 39.7967627401
-90.2586750000 39.7796257446
29
5
-92.6858670000 39.9611687562
-92.2513580000 39.9518989793
-92.2522580000 40.4712184839
-92.6866680000 40.4820577650
-92.6858670000 39.9611687562
29
11
-92.8535000000 40.4852498069
-93.0680160000 40.4894136121
-93.0733870000 40.3980764946
-93.0766600000 40.2156532617
-93.0615080000 40.2148188769
-93.0652770000 39.9883792749
-92.9029770000 39.9793851165
-92.9032750000 39.9656817866
-92.6858670000 39.9611687562
-92.6866680000 40.4820577650
-92.8535000000 40.4852498069
29
37
-90.3431170000 41.6281213282
-90.2840120000 41.7118512349
-90.2574160000 41.8150822447
-90.3188170000 41.9003873665
-90.3010710000 41.9743689549
-90.2503810000 42.0553631935
-90.2079090000 42.0812314522
-90.1826100000 42.1253461279
-90.1664120000 42.1234182873
-90.1177060000 42.1658837985
-90.1443100000 42.1965571896
-90.2006070000 42.1888593173
-90.2196120000 42.2024635672
-90.2940600000 42.2685496337
-90.3245010000 42.2744015702
-90.3651120000 42.1931054538
-90.4497150000 42.1837239122
-90.5328220000 42.0575190299
-90.5400390000 42.0137457559
-90.6763230000 42.0051101797
-90.7323300000 41.9527363938
-90.7363280000 41.7317706529
-90.7282330000 41.7523382237
-90.6875310000 41.7232151707
-90.6859510000 41.7078852333
-90.6681290000 41.7081482662
-90.6551280000 41.7183637134
-90.6606290000 41.7477381589
-90.6466290000 41.7588535658
-90.6166230000 41.7386702786
-90.5911250000 41.7764830717
-90.4057160000 41.7758441699
-90.4216160000 41.7533614851
-90.4157180000 41.7270451801
-90.3928220000 41.7126161081
-90.3391190000 41.7170867206
-90.3431170000 41.6281213282
29
22
-90.1105350000 40.7215372662
-89.9911580000 40.9211043574
-89.9383850000 40.9785473395
-89.9744570000 41.0454015928
-89.9248660000 41.0807357329
-89.9320600000 41.0860346000
-90.0083540000 41.0998488373
-90.0595250000 41.1574642915
-90.1142730000 41.1746063366
-90.1338650000 41.2188749485
-90.2066880000 41.2493858591
-90.2526630000 41.3000181271
-90.2498550000 41.2831681401
-90.2882770000 41.2539370586
-90.3415070000 41.2483579948
-90.4160230000 41.1913972805
-90.3228680000 41.1145011950
-90.3284300000 41.1091486942
-90.4575730000 40.9824898697
-90.1965030000 40.7224380584
-90.1511540000 40.7549557564
-90.1105350000 40.7215372662
29
17
-90.6451340000 40.8017619305
-90.6461410000 40.6854659453
-90.5350190000 40.6865495123
-90.1467740000 40.6839921628
-90.1105350000 40.7215372662
-90.1511540000 40.7549557564
-90.1965030000 40.7224380584
-90.4575730000 40.9824898697
-90.3284300000 41.1091486942
-90.3228680000 41.1145011950
-90.4160230000 41.1913972805
-90.5847470000 41.1422569250
-90.6281740000 41.1476062535
-90.6127780000 41.1581560560
-90.6123500000 41.2268415243
-90.6399840000 41.2348024314
-90.6451340000 40.8017619305
29
25
-90.2176590000 40.2723785288
-90.5497280000 40.2756791649
-90.5506060000 40.2191341332
-90.5595320000 40.2196317701
-90.7354510000 40.2171637180
-90.7418060000 40.0858892491
-90.7561650000 40.0753625696
-90.7638780000 40.0498682263
-90.7790300000 40.0496625029
-90.7795560000 39.9402068402
-90.7372210000 39.9393084683
-90.7306900000 39.8901627853
-90.7035600000 39.8407270467
-90.6966020000 39.7928782180
-90.6785580000 39.7851759475
-90.2586750000 39.7796257446
-90.2238160000 39.7967627401
-90.2233350000 39.8210868248
-90.1678090000 39.8865036160
-90.1499790000 39.8865274089
-90.1485210000 39.9289182919
-90.1112440000 39.9287842406
-90.1104580000 39.9830666642
-90.2203600000 39.9856966075
-90.2176590000 40.2723785288
29
35
-93.1044850000 42.9105174400
-93.1427760000 42.9059271401
-93.1774520000 42.9468249984
-93.1967470000 42.9405140930
-93.1920390000 42.8872940569
-93.2216720000 42.8428380369
-93.2529370000 42.8523318242
-93.2808840000 42.8159187519
-93.3378370000 42.8102890134
-93.3291470000 42.7430435695
-93.3623810000 42.7138352955
-93.4114150000 42.7132982437
-93.4058070000 42.7560890413
-93.4456250000 42.7626777125
-93.4772340000 42.7930401046
-93.4964220000 42.3420350504
-93.0504530000 42.3232140181
-93.0484850000 42.3798096861
-92.9345700000 42.4985930856
-92.9074400000 42.5348002944
-92.9450300000 42.5522166337
-92.9438630000 42.5753245954
-92.9095380000 42.5971735941
-92.9009930000 42.6363133124
-92.8494030000 42.7065711660
-92.8574680000 42.7198631449
-92.9306640000 42.7094576421
-92.9373470000 42.7226415905
-92.9163740000 42.7431920818
-92.9561840000 42.7711180088
-92.9549260000 42.8117183858
-93.0568310000 42.8321262391
-93.0743180000 42.8485732357
-93.0799030000 42.8932144693
-93.1044850000 42.9105174400
29
21
-91.0177690000 39.9970495721
-91.0171590000 40.0569985755
-91.0349730000 40.0595013497
-91.0343480000 40.0894506909
-91.0498280000 40.0861715996
-91.0888060000 40.0980436278
-91.0944440000 40.1319272428
-91.1259540000 40.1321620213
-91.1251300000 40.1963851215
-91.1593250000 40.1970560165
-91.1584320000 40.2697984547
-91.1761550000 40.2693910810
-91.1761400000 40.2712519381
-91.1775590000 40.3980286512
-91.2118610000 40.3985864065
-91.6466290000 40.4079705374
-91.6556090000 39.9384527048
-91.6581190000 39.7379601248
-91.2228320000 39.7318600650
-91.2172160000 39.9788924993
-91.0177690000 39.9970495721
29
18
-91.2642900000 42.4061868863
-91.2650760000 42.2169698955
-91.4094770000 42.2165680165
-91.4186400000 42.0428136954
-91.3691940000 42.0294202330
-91.3105390000 42.0368304764
-91.2327270000 41.9675937462
-91.2214890000 41.9275007969
-91.1280140000 41.8995863835
-91.0465700000 41.9084845970
-91.0076680000 41.8542577752
-90.9644620000 41.8351454880
-90.9585340000 42.2494830171
-91.1044540000 42.2516729771
-91.1104200000 42.3204426150
-91.1854100000 42.3280628906
-91.1883930000 42.4049440121
-91.2642900000 42.4061868863
29
27
-89.5198060000 39.7138772216
-89.5050810000 39.7234751506
-89.5016780000 39.7548507852
-89.4741820000 39.7599218179
-89.4653090000 39.7813719535
-89.4653930000 39.7967339653
-89.4301070000 39.7965425504
-89.4112320000 39.8239700908
-89.3750760000 39.8332937485
-89.3745800000 39.8664470543
-89.3127060000 39.8884095723
-89.3825910000 39.9327557468
-89.3777390000 39.9926554027
-89.4619290000 40.1277176496
-89.4591980000 40.1895998002
-89.4887240000 40.1925558339
-89.6021500000 40.1694112890
-89.6809770000 40.1259989640
-89.6954500000 40.1076151210
-89.7037960000 40.0774542605
-89.7655180000 40.0351413104
-89.7859730000 39.9812979491
-89.7214510000 39.8650623584
-89.7151180000 39.8173489705
-89.6869280000 39.7873801069
-89.6916350000 39.7012693740
-89.5198060000 39.7138772216
29
11
-92.0292590000 40.6346596940
-92.2494660000 40.6371828813
-92.2522580000 40.4712184839
-92.2513580000 39.9518989793
-92.0887370000 39.9476309501
-91.6556090000 39.9384527048
-91.6466290000 40.4079705374
-91.7549900000 40.4111802177
-91.7566380000 40.6299984762
-91.8091050000 40.6300136219
-92.0292590000 40.6346596940
29
7
-93.3672100000 44.0598337322
-93.3619000000 43.7547474879
-92.8561940000 43.7601442127
-92.8556290000 44.1599009070
-92.8569030000 44.2167201749
-93.3668440000 44.2128643977
-93.3672100000 44.0598337322
29
20
-92.7143710000 44.4843060416
-92.7209470000 44.4767252963
-92.6898570000 44.4621555588
-92.7179340000 44.4440422023
-92.6834030000 44.4467945081
-92.7077560000 44.4133646170
-92.6708760000 44.3929525868
-92.6881410000 44.3891588249
-92.6761250000 44.3666521761
-92.7011180000 44.3417781718
-92.7086640000 44.3152156851
-92.7015000000 44.2747688244
-92.6645360000 44.2483026531
-92.6792830000 44.2443299307
-92.6659850000 44.2312652016
-92.6856610000 44.2280456052
-92.6841660000 44.1610030057
-92.3499760000 44.1649864199
-92.3507770000 44.4946346557
-92.7143710000 44.4843060416
29
17
-94.0656740000 41.0121161176
-93.8088990000 41.0016690069
-93.8109890000 40.9418069616
-93.8116150000 40.9281072752
-93.6284030000 40.9214803821
-93.5732040000 40.9197078881
-93.5690230000 41.0226214339
-93.5324170000 41.0286078009
-93.5121000000 41.0280171323
-93.5040050000 41.2304173061
-93.4977950000 41.3783886588
-93.5234760000 41.4012218330
-93.5697630000 41.4116897674
-93.5570070000 41.3931982781
-94.0498960000 41.4096508137
-94.0582890000 41.1840063523
-94.0656740000 41.0121161176
29
12
-94.6320340000 44.4602821807
-94.6319350000 44.3412706925
-94.6162490000 44.3304591854
-94.6084060000 44.3303842562
-94.6087270000 44.2221345632
-94.5984880000 44.2177625895
-94.2142790000 44.2146380081
-94.2146000000 44.2987527168
-94.2145920000 44.3277354834
-94.2291560000 44.3277065642
-94.2322390000 44.4612208395
-94.6320340000 44.4602821807
29
8
-92.2993160000 43.1977941669
-92.1865770000 43.2011364152
-92.1811750000 43.2725487537
-91.8467560000 43.2668605384
-91.8403700000 43.6439543969
-91.9527280000 43.6455066689
-92.2878720000 43.6494826956
-92.2993160000 43.1977941669
29
19
-94.8765410000 43.4776133627
-94.8838270000 43.4435675196
-94.9266820000 43.4370745834
-94.9353790000 43.4199978975
-94.9118580000 43.3978536750
-94.8711470000 43.4156599516
-94.8603670000 43.3851415319
-94.8989030000 43.3520539311
-94.9639590000 43.3732088732
-94.9709630000 43.3036591076
-95.0153120000 43.2872925088
-95.0445560000 43.2484643118
-95.0528410000 43.1711307213
-95.1064070000 43.1587477429
-95.1028900000 43.1043977579
-94.6012650000 43.1028548298
-94.6022190000 43.3821344822
-94.6028210000 43.4763270030
-94.8765410000 43.4776133627
29
5
-94.0688480000 39.5619925541
-94.6183090000 39.5853231862
-94.6179280000 39.2532431125
-94.0770870000 39.2515686979
-94.0688480000 39.5619925541
29
16
-91.1780090000 43.1885156988
-91.2038190000 43.1885857801
-91.4603730000 42.9968101215
-91.4382320000 42.8265342696
-91.4090350000 42.5991024579
-91.2602310000 42.5956251175
-91.1852420000 42.6040111885
-91.1829450000 42.7083642300
-91.1725620000 42.7082506295
-90.7218320000 42.7043314994
-90.7319640000 42.7477185943
-90.7993470000 42.8192610903
-91.0423510000 42.9990635225
-91.1009140000 43.1117276757
-91.1562420000 43.1267368741
-91.1780090000 43.1885156988
29
18
-94.1048200000 42.6003415424
-94.1317750000 42.6347048338
-94.1858370000 42.6487383839
-94.1704940000 42.6891019441
-94.2125090000 42.6823663379
-94.2511220000 42.7186521205
-94.2917480000 42.7204105643
-94.3682940000 42.6223603553
-94.3950270000 42.6684450042
-94.4086300000 42.6649611339
-94.4034960000 42.6269504840
-94.4568410000 42.5732338234
-94.5126800000 42.6092992985
-94.6073530000 42.5615910888
-94.6080320000 42.2191000123
-94.1190190000 42.2008229398
-94.1141740000 42.3091509179
-94.1048200000 42.6003415424
29
19
-94.6008380000 43.0039888243
-94.6012650000 43.1028548298
-95.1028900000 43.1043977579
-95.0509340000 43.0589248898
-95.0334090000 43.0104803246
-94.9805150000 42.9815907789
-94.9382020000 42.9149889373
-94.8836290000 42.9160343888
-94.8823170000 42.8923956520
-94.9102550000 42.8690049298
-94.9053270000 42.8177928243
-94.8307040000 42.7442458802
-94.8237920000 42.6859554154
-94.7824630000 42.6817223581
-94.7365340000 42.6334846277
-94.6691360000 42.6499936275
-94.6511380000 42.6141350749
-94.6017300000 42.6211003354
-94.6008380000 43.0039888243
29
23
-94.0498960000 41.4096508137
-94.0686420000 41.4101217291
-94.0657120000 41.7067309623
-94.0934600000 41.7213838720
-94.1483080000 41.7113391949
-94.2056810000 41.7067118097
-94.2266690000 41.7220798633
-94.2657700000 41.7103802447
-94.3121800000 41.7376561213
-94.6128690000 41.7457160426
-94.6140520000 41.2139673088
-94.2406460000 41.2021946022
-94.2299420000 41.1948180533
-94.2435150000 41.1727173070
-94.2259520000 41.1715062156
-94.1987530000 41.2069136656
-94.1950070000 41.1893441154
-94.1330340000 41.2115402567
-94.1099240000 41.1850436624
-94.1032410000 41.1985322865
-94.0847170000 41.1786308083
-94.0582890000 41.1840063523
-94.0498960000 41.4096508137
29
36
-90.6655650000 42.3308383820
-90.6965790000 42.3290488939
-90.6837010000 42.3078463896
-90.7176440000 42.3058709966
-90.6994860000 42.2971743780
-90.7345660000 42.3058954156
-90.7252270000 42.3234531134
-90.8032300000 42.3023315900
-90.8075640000 42.2581609617
-90.8627470000 42.2701722077
-90.9555890000 42.2794097384
-90.9585340000 42.2494830171
-90.9644620000 41.8351454880
-90.8959660000 41.8262492589
-90.7772900000 41.8932849634
-90.7323300000 41.9527363938
-90.6763230000 42.0051101797
-90.5400390000 42.0137457559
-90.5328220000 42.0575190299
-90.4497150000 42.1837239122
-90.3651120000 42.1931054538
-90.3245010000 42.2744015702
-90.2940600000 42.2685496337
-90.2196120000 42.2024635672
-90.2006070000 42.1888593173
-90.1443100000 42.1965571896
-90.1177060000 42.1658837985
-90.1165080000 42.2237777126
-90.2540360000 42.3132445589
-90.3104170000 42.3183641180
-90.4075390000 42.3675242026
-90.4682080000 42.3659924918
-90.5106890000 42.2883359571
-90.5679930000 42.2467832091
-90.6284870000 42.2761411644
-90.6655650000 42.3308383820
29
22
-95.6717450000 44.3096865085
-95.6446150000 44.3118970862
-95.6403270000 44.2807779820
-95.6583100000 44.2674333189
-95.6226810000 44.1595007436
-95.6580280000 44.1206410307
-95.5621570000 44.1005272521
-95.5549550000 44.0577945666
-95.1805880000 44.0539155638
-95.1808170000 44.3393052240
-95.2018970000 44.3531130738
-95.2024230000 44.4698495967
-95.7685240000 44.4762288902
-95.7669220000 44.4081345296
-95.7091520000 44.3964110508
-95.6787720000 44.4489084847
-95.6541370000 44.4230966947
-95.6592790000 44.3926723900
-95.6999660000 44.3735553406
-95.6812590000 44.3630646903
-95.6962050000 44.3430968426
-95.6717450000 44.3096865085
29
27
-89.9593730000 38.6319277581
-89.9613110000 39.1147506593
-89.9723050000 39.1157320172
-89.9573060000 39.1977653211
-89.9589390000 39.4140217849
-90.1483990000 39.4158236409
-90.1811290000 39.3740444799
-90.1889340000 39.3077795076
-90.2094650000 39.3066119780
-90.2207030000 39.2504814637
-90.1546100000 39.2506245201
-90.1594620000 39.2299407639
-90.1422650000 39.2184931582
-90.1558460000 39.2086558947
-90.1431880000 39.2133089158
-90.1386570000 39.1469033929
-90.0637280000 39.1095670193
-90.0818860000 39.0324886881
-90.0640950000 39.0091787503
-90.0831680000 38.9711947007
-90.1162570000 38.9601324167
-90.1263500000 38.9171455013
-90.2199710000 38.8620447832
-90.2352140000 38.8067388214
-90.3186720000 38.7448979961
-90.3776320000 38.6281319144
-89.9593730000 38.6319277581
29
12
-91.3066940000 43.3010667076
-91.3684160000 43.3593936844
-91.3666610000 43.4484430624
-91.4350050000 43.5076618933
-91.4478450000 43.5523242641
-91.4189220000 43.6086116424
-91.4355160000 43.6400229648
-91.8403700000 43.6439543969
-91.8467560000 43.2668605384
-91.7149580000 43.2657057929
-91.7155300000 43.3020984608
-91.3066940000 43.3010667076
29
5
-92.7648320000 39.6345880726
-92.7723310000 39.2503769704
-92.1203080000 39.2517341477
-92.1123430000 39.6198715030
-92.7648320000 39.6345880726
29
8
-94.6178740000 39.9483188843
-94.0592580000 39.9374014920
-94.0523760000 40.2410439446
-94.0703350000 40.2415618080
-94.0837780000 40.2419313530
-94.0821000000 40.3154706460
-94.6175380000 40.3344938246
-94.6178740000 39.9483188843
29
6
-94.0592580000 39.9374014920
-94.6178740000 39.9483188843
-94.6183090000 39.5853231862
-94.0688480000 39.5619925541
-94.0628740000 39.7917798214
-94.0592580000 39.9374014920
29
30
-90.2586750000 39.7796257446
-90.6785580000 39.7851759475
-90.6797180000 39.7313537238
-90.6613240000 39.7306536021
-90.6626210000 39.6413826366
-90.6415940000 39.6410054257
-90.6275180000 39.6407581161
-90.6283800000 39.4769073726
-90.5931020000 39.4765407841
-90.5930020000 39.3682340869
-90.5767520000 39.3674780766
-90.5761110000 39.2512166516
-90.2207030000 39.2504814637
-90.2094650000 39.3066119780
-90.1889340000 39.3077795076
-90.1811290000 39.3740444799
-90.1483990000 39.4158236409
-90.1473010000 39.4481007837
-90.1343990000 39.4537128147
-90.1482010000 39.4661771354
-90.1396940000 39.4941086792
-90.1880570000 39.5902891059
-90.2061840000 39.5945137111
-90.1976470000 39.6314582391
-90.2219540000 39.6526609301
-90.2163770000 39.6801896004
-90.2289660000 39.6970462984
-90.2565920000 39.7243864915
-90.2446060000 39.7414935617
-90.2586750000 39.7796257446
29
22
-91.9507830000 44.0479571693
-91.4972690000 44.0368355548
-91.4656600000 44.1518796160
-91.4219060000 44.2036148939
-91.4397580000 44.2169958753
-91.4603960000 44.2030045079
-91.4823230000 44.2116474407
-91.4878160000 44.2396915930
-91.5223310000 44.2478771364
-91.5190810000 44.2779664757
-91.5334700000 44.2847431463
-91.5237050000 44.3083026256
-91.5709150000 44.3188814034
-91.6194840000 44.3759976831
-91.6189960000 44.4180318274
-91.6851960000 44.4390972186
-91.6853790000 44.4704275982
-91.7200550000 44.5002360289
-91.7291180000 44.5161899762
-91.9431150000 44.5058983481
-91.9497450000 44.1050888072
-91.9507830000 44.0479571693
29
18
-95.2024230000 44.4698495967
-95.2018970000 44.3531130738
-95.1808170000 44.3393052240
-95.1805880000 44.0539155638
-95.0712280000 44.0523509059
-95.0730440000 44.0294385144
-95.0579450000 44.0229276380
-95.0711980000 43.9463185940
-95.0595930000 43.8920123904
-95.0429920000 43.8817682757
-94.6059270000 43.8763458603
-94.5984880000 44.2177625895
-94.6087270000 44.2221345632
-94.6084060000 44.3303842562
-94.6162490000 44.3304591854
-94.6319350000 44.3412706925
-94.6320340000 44.4602821807
-95.2024230000 44.4698495967
29
38
-89.3127060000 39.8884095723
-89.3745800000 39.8664470543
-89.3750760000 39.8332937485
-89.4112320000 39.8239700908
-89.4301070000 39.7965425504
-89.4653930000 39.7967339653
-89.4653090000 39.7813719535
-89.4741820000 39.7599218179
-89.5016780000 39.7548507852
-89.5050810000 39.7234751506
-89.5198060000 39.7138772216
-89.5196690000 39.6916874230
-89.4832380000 39.6680059926
-89.4634090000 39.6222679115
-89.3275910000 39.4177401749
-89.2599950000 39.3342257333
-89.2135620000 39.3528696877
-89.1652680000 39.4647458629
-89.1996770000 39.5232846314
-89.1969830000 39.5531520642
-89.1674270000 39.5767326785
-89.1256480000 39.5673953388
-89.1160660000 39.5926423278
-89.1793750000 39.6455807694
-89.1745910000 39.6752989779
-89.1314320000 39.7005882201
-89.1010820000 39.8360822625
-89.1254880000 39.8564854544
-89.1772380000 39.8407270467
-89.1909790000 39.8507545951
-89.2021030000 39.8992787609
-89.2553480000 39.9665616081
-89.3082890000 39.9628230496
-89.3047490000 39.9367512244
-89.2576070000 39.8965785677
-89.2635270000 39.8772373551
-89.2921300000 39.8673935669
-89.3127060000 39.8884095723
29
11
-91.1159290000 39.6566446878
-91.1265260000 39.2503010885
-90.5761110000 39.2512166516
-90.5767520000 39.3674780766
-90.5930020000 39.3682340869
-90.5931020000 39.4765407841
-90.6283800000 39.4769073726
-90.6275180000 39.6407581161
-90.6415940000 39.6410054257
-90.6626210000 39.6413826366
-91.1159290000 39.6566446878
29
10
-94.2142790000 44.2146380081
-94.2164380000 43.8896723066
-93.7640230000 43.8851715138
-93.7633210000 44.0567841749
-93.7743450000 44.4686593730
-94.2322390000 44.4612208395
-94.2291560000 44.3277065642
-94.2145920000 44.3277354834
-94.2146000000 44.2987527168
-94.2142790000 44.2146380081
29
10
-91.6723400000 39.2524792972
-91.1265260000 39.2503010885
-91.1159290000 39.6566446878
-91.2077030000 39.6591044819
-91.2248230000 39.6591519545
-91.2228320000 39.7318600650
-91.6581190000 39.7379601248
-91.6599350000 39.6187626068
-91.6687770000 39.6116262681
-91.6723400000 39.2524792972
29
36
-90.7801820000 41.3970668046
-90.6762470000 41.2575481913
-90.6848750000 41.2474038319
-90.6552280000 41.2595202695
-90.6616290000 41.2440255894
-90.6399840000 41.2348024314
-90.6123500000 41.2268415243
-90.6127780000 41.1581560560
-90.6281740000 41.1476062535
-90.5847470000 41.1422569250
-90.4160230000 41.1913972805
-90.3415070000 41.2483579948
-90.2882770000 41.2539370586
-90.2498550000 41.2831681401
-90.2526630000 41.3000181271
-90.2907640000 41.3542407841
-90.3398670000 41.3871642081
-90.3666230000 41.4533568739
-90.3682170000 41.5704804234
-90.3431170000 41.6281213282
-90.3391190000 41.7170867206
-90.3928220000 41.7126161081
-90.4157180000 41.7270451801
-90.4216160000 41.7533614851
-90.4057160000 41.7758441699
-90.5911250000 41.7764830717
-90.6166230000 41.7386702786
-90.6466290000 41.7588535658
-90.6606290000 41.7477381589
-90.6551280000 41.7183637134
-90.6681290000 41.7081482662
-90.6859510000 41.7078852333
-90.6875310000 41.7232151707
-90.7282330000 41.7523382237
-90.7363280000 41.7317706529
-90.7801820000 41.3970668046
29
19
-90.5350190000 40.6865495123
-90.6461410000 40.6854659453
-90.6451340000 40.8017619305
-91.1000140000 40.8083360857
-91.1465380000 40.8070487845
-91.1533430000 40.7543870357
-91.1550750000 40.6164225619
-90.7686920000 40.6352516713
-90.7690730000 40.6205341265
-90.7671660000 40.3458559665
-90.7501220000 40.3339565789
-90.7501220000 40.2161332877
-90.7354510000 40.2171637180
-90.5595320000 40.2196317701
-90.5506060000 40.2191341332
-90.5497280000 40.2756791649
-90.5463710000 40.6295466293
-90.5351560000 40.6304654710
-90.5350190000 40.6865495123
29
18
-95.0429920000 43.8817682757
-95.0335850000 43.8535389779
-95.0607070000 43.8027535127
-95.0344920000 43.7701783926
-95.0109250000 43.7731632633
-95.0068050000 43.7577174745
-95.0023190000 43.6555788312
-94.9881290000 43.6379477498
-95.0067440000 43.6106457535
-94.9933850000 43.5783297292
-94.9359660000 43.5737012610
-94.9272080000 43.5575628038
-94.9417340000 43.5221708412
-94.8765410000 43.4776133627
-94.6028210000 43.4763270030
-94.6053770000 43.7627146941
-94.6059270000 43.8763458603
-95.0429920000 43.8817682757
29
32
-90.1467670000 40.6282125577
-89.8611220000 40.6305475109
-89.8002700000 40.6394170757
-89.8019330000 40.6222908719
-89.7378850000 40.6193882212
-89.7403950000 40.6315446167
-89.7189100000 40.6158786575
-89.6882020000 40.6265087096
-89.6727910000 40.6111174204
-89.6403270000 40.6357666567
-89.6398470000 40.6150356751
-89.6037220000 40.6354485772
-89.5824580000 40.5957286524
-89.5218580000 40.5888186589
-89.5198060000 40.6096776132
-89.4765090000 40.6165045895
-89.5156480000 40.6774646075
-89.5160520000 40.7476865019
-89.5831150000 40.7743726885
-89.6167450000 40.8202033582
-89.6600650000 40.8187413666
-89.6686400000 40.8824451889
-89.7396700000 40.9427529333
-89.7831500000 40.9528793569
-89.7980420000 40.9850857976
-89.8403170000 41.0160562646
-89.8973010000 40.9748887393
-89.9383850000 40.9785473395
-89.9911580000 40.9211043574
-90.1105350000 40.7215372662
-90.1467740000 40.6839921628
-90.1467670000 40.6282125577
29
13
-91.4186400000 42.0428136954
-91.4094770000 42.2165680165
-91.2650760000 42.2169698955
-91.2642900000 42.4061868863
-91.2602310000 42.5956251175
-91.4090350000 42.5991024579
-91.6297990000 42.6041246584
-91.6340030000 42.4914942631
-91.6471710000 42.0346354032
-91.6403730000 42.0351441225
-91.5471420000 42.0000580850
-91.4865040000 42.0472670838
-91.4186400000 42.0428136954
29
27
-91.6340030000 42.4914942631
-92.1102910000 42.4980882163
-92.1295700000 42.4959850539
-92.1345670000 42.4506404422
-92.1340870000 42.4377649264
-92.1685180000 42.2834442246
-92.1477810000 42.2679766651
-92.1623610000 42.2424369685
-92.1490400000 42.2429327172
-92.1403580000 42.2159170532
-92.1527790000 42.1922094872
-92.1357880000 42.1752493920
-92.1464770000 42.1534602753
-92.1582340000 42.1611898129
-92.1635060000 42.1135347341
-92.2258300000 42.0283144500
-92.2206570000 41.9574888460
-92.2010570000 41.9050334619
-92.1602330000 41.8734034580
-92.0849380000 41.8493508093
-92.0089800000 41.8650113026
-91.9436800000 41.8987470222
-91.8528290000 41.9925278551
-91.7611920000 42.0106865090
-91.7254640000 42.0389756250
-91.6471710000 42.0346354032
-91.6340030000 42.4914942631
29
12
-92.4983750000 42.3153139418
-92.6251910000 42.0048219568
-92.8397900000 42.0097385219
-92.8417740000 41.9009631574
-92.6251910000 41.6859654915
-92.4951860000 41.6822010140
-92.3948670000 42.0804340161
-92.4085690000 42.1202720054
-92.3825450000 42.1468488570
-92.3843840000 42.1783629136
-92.4407810000 42.2005097091
-92.4983750000 42.3153139418
29
34
-92.2206570000 41.9574888460
-92.2258300000 42.0283144500
-92.1635060000 42.1135347341
-92.1582340000 42.1611898129
-92.1464770000 42.1534602753
-92.1357880000 42.1752493920
-92.1527790000 42.1922094872
-92.1403580000 42.2159170532
-92.1490400000 42.2429327172
-92.1623610000 42.2424369685
-92.1477810000 42.2679766651
-92.1685180000 42.2834442246
-92.1340870000 42.4377649264
-92.1345670000 42.4506404422
-92.1295700000 42.4959850539
-92.1102910000 42.4980882163
-92.1047590000 42.7176915753
-92.3144300000 42.7334385717
-92.4302290000 42.7362019380
-92.5545880000 42.4360672911
-92.5654680000 42.4034721417
-92.5564650000 42.3979657045
-92.5697480000 42.3899266468
-92.5578610000 42.3781362831
-92.4983750000 42.3153139418
-92.4407810000 42.2005097091
-92.3843840000 42.1783629136
-92.3825450000 42.1468488570
-92.4085690000 42.1202720054
-92.3948670000 42.0804340161
-92.3483960000 42.0563219064
-92.3426670000 42.0453652362
-92.3625410000 42.0097628620
-92.2206570000 41.9574888460
29
8
-94.0770870000 39.2515686979
-93.5842820000 39.2517776872
-93.5738910000 39.6520937984
-93.6128770000 39.6554679068
-93.6110000000 39.7805989144
-94.0628740000 39.7917798214
-94.0688480000 39.5619925541
-94.0770870000 39.2515686979
29
7
-94.2188030000 43.7570539861
-94.2164380000 43.8896723066
-94.2142790000 44.2146380081
-94.5984880000 44.2177625895
-94.6059270000 43.8763458603
-94.6053770000 43.7627146941
-94.2188030000 43.7570539861
29
8
-94.2059630000 43.3803383645
-94.2058790000 43.4364290898
-94.2035980000 43.7439667720
-94.2188030000 43.7570539861
-94.6053770000 43.7627146941
-94.6028210000 43.4763270030
-94.6022190000 43.3821344822
-94.2059630000 43.3803383645
29
32
-89.9589390000 39.4140217849
-89.9573060000 39.1977653211
-89.9723050000 39.1157320172
-89.9613110000 39.1147506593
-89.7548520000 39.1100079843
-89.7425380000 39.1573085163
-89.7234800000 39.1617838225
-89.6717530000 39.1288632963
-89.5915070000 39.1321569559
-89.5452040000 39.0503692797
-89.5162890000 39.0715298721
-89.5103840000 39.1019429903
-89.5455020000 39.1669752388
-89.5199200000 39.2246091568
-89.5715100000 39.3185680026
-89.5580900000 39.3446423933
-89.5257640000 39.3537301886
-89.4777600000 39.3359650852
-89.4663010000 39.2879010738
-89.4931950000 39.2159886705
-89.4604340000 39.2010899302
-89.4176860000 39.2508086278
-89.3750760000 39.3976807689
-89.3275910000 39.4177401749
-89.4634090000 39.6222679115
-89.4832380000 39.6680059926
-89.5196690000 39.6916874230
-89.5198060000 39.7138772216
-89.6916350000 39.7012693740
-89.7022630000 39.7010556536
-89.7008970000 39.4206200323
-89.9589390000 39.4140217849
29
27
-89.8611220000 40.6305475109
-89.8666310000 40.0353607988
-89.7655180000 40.0351413104
-89.7037960000 40.0774542605
-89.6954500000 40.1076151210
-89.6809770000 40.1259989640
-89.6021500000 40.1694112890
-89.4887240000 40.1925558339
-89.5177080000 40.2325574223
-89.5121920000 40.2661296402
-89.4862750000 40.2972373539
-89.4328380000 40.3127346731
-89.4213180000 40.3693835972
-89.5170520000 40.5523165357
-89.5218580000 40.5888186589
-89.5824580000 40.5957286524
-89.6037220000 40.6354485772
-89.6398470000 40.6150356751
-89.6403270000 40.6357666567
-89.6727910000 40.6111174204
-89.6882020000 40.6265087096
-89.7189100000 40.6158786575
-89.7403950000 40.6315446167
-89.7378850000 40.6193882212
-89.8019330000 40.6222908719
-89.8002700000 40.6394170757
-89.8611220000 40.6305475109
29
12
-92.8397900000 42.0097385219
-92.6251910000 42.0048219568
-92.4983750000 42.3153139418
-92.5578610000 42.3781362831
-92.8518830000 42.3930037635
-92.8751910000 42.4428811909
-92.9094160000 42.4351779437
-92.9345700000 42.4985930856
-93.0484850000 42.3798096861
-93.0504530000 42.3232140181
-93.0601040000 42.0214084132
-92.8397900000 42.0097385219
29
19
-92.5578610000 42.3781362831
-92.5697480000 42.3899266468
-92.5564650000 42.3979657045
-92.5654680000 42.4034721417
-92.5545880000 42.4360672911
-92.4302290000 42.7362019380
-92.7073670000 42.8302816007
-92.7924120000 42.8533235384
-92.8494030000 42.7065711660
-92.9009930000 42.6363133124
-92.9095380000 42.5971735941
-92.9438630000 42.5753245954
-92.9450300000 42.5522166337
-92.9074400000 42.5348002944
-92.9345700000 42.4985930856
-92.9094160000 42.4351779437
-92.8751910000 42.4428811909
-92.8518830000 42.3930037635
-92.5578610000 42.3781362831
29
14
-90.1467670000 40.6282125577
-90.1456990000 40.2687624214
-90.1730040000 40.2699367610
-90.2176590000 40.2723785288
-90.2203600000 39.9856966075
-90.1104580000 39.9830666642
-90.1112440000 39.9287842406
-89.9957280000 39.9279047685
-89.9935840000 39.9458140258
-89.9592670000 39.9505318358
-89.9577640000 40.0367442146
-89.8666310000 40.0353607988
-89.8611220000 40.6305475109
-90.1467670000 40.6282125577
29
19
-91.1159290000 39.6566446878
-90.6626210000 39.6413826366
-90.6613240000 39.7306536021
-90.6797180000 39.7313537238
-90.6785580000 39.7851759475
-90.6966020000 39.7928782180
-90.7035600000 39.8407270467
-90.7306900000 39.8901627853
-90.7372210000 39.9393084683
-90.7795560000 39.9402068402
-90.9644620000 39.9442941012
-90.9638210000 39.9622390306
-90.9685130000 39.9991445530
-91.0177690000 39.9970495721
-91.2172160000 39.9788924993
-91.2228320000 39.7318600650
-91.2248230000 39.6591519545
-91.2077030000 39.6591044819
-91.1159290000 39.6566446878
29
10
-91.6581190000 39.7379601248
-91.6556090000 39.9384527048
-92.0887370000 39.9476309501
-92.0958400000 39.6251264471
-92.1123430000 39.6198715030
-92.1203080000 39.2517341477
-91.6723400000 39.2524792972
-91.6687770000 39.6116262681
-91.6599350000 39.6187626068
-91.6581190000 39.7379601248
29
11
-94.0737460000 40.6815876864
-94.0754170000 40.6082769456
-93.6160280000 40.5970673095
-93.6149670000 40.8105364254
-93.6320950000 40.8192864490
-93.6284030000 40.9214803821
-93.8116150000 40.9281072752
-93.8109890000 40.9418069616
-93.8088990000 41.0016690069
-94.0656740000 41.0121161176
-94.0737460000 40.6815876864
29
9
-94.0592580000 39.9374014920
-94.0628740000 39.7917798214
-93.6110000000 39.7805989144
-93.6101230000 39.8719296965
-93.6089020000 40.0001538212
-93.6051940000 40.2227533701
-93.6258390000 40.2307739919
-94.0523760000 40.2410439446
-94.0592580000 39.9374014920
29
10
-92.9032750000 39.9656817866
-92.9029770000 39.9793851165
-93.0652770000 39.9883792749
-93.6089020000 40.0001538212
-93.6101230000 39.8719296965
-93.3378750000 39.8677604057
-93.3418500000 39.6590045399
-93.3043210000 39.6481439569
-92.9093550000 39.6386522630
-92.9032750000 39.9656817866
29
12
-91.6447300000 41.5045249898
-91.6438140000 41.3328892376
-91.6305540000 41.3327048431
-91.5343860000 41.3315259987
-91.5348660000 41.4058046700
-91.3674850000 41.4042278227
-91.3691940000 42.0294202330
-91.4186400000 42.0428136954
-91.4865040000 42.0472670838
-91.5471420000 42.0000580850
-91.6403730000 42.0351441225
-91.6447300000 41.5045249898
29
13
-91.0957640000 41.3970273550
-91.3674850000 41.4042278227
-91.5348660000 41.4058046700
-91.5343860000 41.3315259987
-91.5266040000 41.3314814903
-91.5287930000 40.8702903676
-91.3083110000 40.8680076394
-91.3085710000 40.8583446227
-91.3101880000 40.7578006756
-91.1533430000 40.7543870357
-91.1465380000 40.8070487845
-91.1000140000 40.8083360857
-91.0957640000 41.3970273550
29
24
-93.7584610000 42.6822734187
-93.8512340000 42.6912586312
-93.8963620000 42.6564313781
-93.9386220000 42.6476960160
-93.9691090000 42.5987581991
-93.9847110000 42.6074153498
-93.9620510000 42.6540291019
-93.9774020000 42.6802989079
-94.0332110000 42.6590646659
-94.0243380000 42.6166085130
-94.0429610000 42.5990728026
-94.1048200000 42.6003415424
-94.1141740000 42.3091509179
-93.8359150000 42.3075327915
-93.8287580000 42.3353405399
-93.4972230000 42.3234248333
-93.4964220000 42.3420350504
-93.4772340000 42.7930401046
-93.4963230000 42.7636180677
-93.4892810000 42.7071520683
-93.5050660000 42.6949216322
-93.6542820000 42.7346149290
-93.7023320000 42.6845667443
-93.7584610000 42.6822734187
29
38
-93.4772340000 42.7930401046
-93.4456250000 42.7626777125
-93.4058070000 42.7560890413
-93.4114150000 42.7132982437
-93.3623810000 42.7138352955
-93.3291470000 42.7430435695
-93.3378370000 42.8102890134
-93.2808840000 42.8159187519
-93.2529370000 42.8523318242
-93.2216720000 42.8428380369
-93.1920390000 42.8872940569
-93.1967470000 42.9405140930
-93.1774520000 42.9468249984
-93.1427760000 42.9059271401
-93.1044850000 42.9105174400
-93.1199040000 42.9543699311
-93.2064510000 42.9827224615
-93.1987300000 42.9752683782
-93.2209170000 42.9863972911
-93.2201770000 42.9716677987
-93.2262270000 43.0259623413
-93.2502060000 42.9863377261
-93.2510070000 43.0091669626
-93.2767560000 43.0091566008
-93.2616420000 43.0222664676
-93.2848130000 43.1113866456
-93.2536700000 43.1182930815
-93.2709730000 43.1431092737
-93.2780990000 43.2111483283
-93.7583310000 43.2056911587
-93.7591930000 43.0929340451
-93.7584610000 42.6822734187
-93.7023320000 42.6845667443
-93.6542820000 42.7346149290
-93.5050660000 42.6949216322
-93.4892810000 42.7071520683
-93.4963230000 42.7636180677
-93.4772340000 42.7930401046
29
10
-93.5234760000 41.4012218330
-93.5128940000 41.7903278845
-93.5112610000 41.8461602071
-94.0643160000 41.8605079180
-94.0657120000 41.7067309623
-94.0686420000 41.4101217291
-94.0498960000 41.4096508137
-93.5570070000 41.3931982781
-93.5697630000 41.4116897674
-93.5234760000 41.4012218330
29
15
-94.0643160000 41.8605079180
-94.1152110000 41.8621079308
-94.1165770000 41.9672224112
-94.1256640000 41.9734751262
-94.1190190000 42.2008229398
-94.6080320000 42.2191000123
-94.6128690000 41.7457160426
-94.3121800000 41.7376561213
-94.2657700000 41.7103802447
-94.2266690000 41.7220798633
-94.2056810000 41.7067118097
-94.1483080000 41.7113391949
-94.0934600000 41.7213838720
-94.0657120000 41.7067309623
-94.0643160000 41.8605079180
29
7
-94.6008380000 43.0039888243
-94.2106400000 43.0024566808
-94.2085190000 43.0964098255
-94.2059630000 43.3803383645
-94.6022190000 43.3821344822
-94.6012650000 43.1028548298
-94.6008380000 43.0039888243
29
35
-91.2118610000 40.3985864065
-91.1775590000 40.3980286512
-91.1761400000 40.2712519381
-91.1761550000 40.2693910810
-91.1584320000 40.2697984547
-91.1593250000 40.1970560165
-91.1251300000 40.1963851215
-91.1259540000 40.1321620213
-91.0944440000 40.1319272428
-91.0888060000 40.0980436278
-91.0498280000 40.0861715996
-91.0343480000 40.0894506909
-91.0349730000 40.0595013497
-91.0171590000 40.0569985755
-91.0177690000 39.9970495721
-90.9685130000 39.9991445530
-90.9638210000 39.9622390306
-90.9644620000 39.9442941012
-90.7795560000 39.9402068402
-90.7790300000 40.0496625029
-90.7638780000 40.0498682263
-90.7561650000 40.0753625696
-90.7418060000 40.0858892491
-90.7354510000 40.2171637180
-90.7501220000 40.2161332877
-90.7501220000 40.3339565789
-90.7671660000 40.3458559665
-90.7690730000 40.6205341265
-90.7686920000 40.6352516713
-91.1550750000 40.6164225619
-91.3121950000 40.6223867872
-91.3140720000 40.5186574341
-91.2196580000 40.5080874684
-91.2109830000 40.5077269634
-91.2118610000 40.3985864065
29
15
-94.2106400000 43.0024566808
-94.6008380000 43.0039888243
-94.6017300000 42.6211003354
-94.5925290000 42.5905389251
-94.6073530000 42.5615910888
-94.5126800000 42.6092992985
-94.4568410000 42.5732338234
-94.4034960000 42.6269504840
-94.4086300000 42.6649611339
-94.3950270000 42.6684450042
-94.3682940000 42.6223603553
-94.2917480000 42.7204105643
-94.2511220000 42.7186521205
-94.2125090000 42.6823663379
-94.2106400000 43.0024566808
29
8
-91.9507830000 44.0479571693
-91.9527280000 43.6455066689
-91.8403700000 43.6439543969
-91.4355160000 43.6400229648
-91.4948650000 43.7603675595
-91.5129780000 43.9481758817
-91.4972690000 44.0368355548
-91.9507830000 44.0479571693
29
6
-94.0754170000 40.6082769456
-94.0737460000 40.6815876864
-94.6175770000 40.6992160501
-94.6175380000 40.3344938246
-94.0821000000 40.3154706460
-94.0754170000 40.6082769456
29
36
-94.9933850000 43.5783297292
-95.0067440000 43.6106457535
-94.9881290000 43.6379477498
-95.0023190000 43.6555788312
-95.0068050000 43.7577174745
-95.0109250000 43.7731632633
-95.0344920000 43.7701783926
-95.0607070000 43.8027535127
-95.0335850000 43.8535389779
-95.0429920000 43.8817682757
-95.0595930000 43.8920123904
-95.0711980000 43.9463185940
-95.0579450000 44.0229276380
-95.0730440000 44.0294385144
-95.0712280000 44.0523509059
-95.1805880000 44.0539155638
-95.5549550000 44.0577945666
-95.4803090000 44.0316578238
-95.4698940000 44.0111843781
-95.4801640000 43.9562847916
-95.4385600000 43.9216369780
-95.4302440000 43.8908299144
-95.3953700000 43.8719647484
-95.3932720000 43.8153514291
-95.4214480000 43.7894949555
-95.4094540000 43.7569547245
-95.3180160000 43.7287545346
-95.3041690000 43.6932541819
-95.2511440000 43.6453866604
-95.2054210000 43.6326836246
-95.2028350000 43.5875287235
-95.1496580000 43.5888127736
-95.1293870000 43.5479994425
-95.0421450000 43.5351903896
-95.0200650000 43.5762272722
-94.9933850000 43.5783297292
29
25
-92.4951860000 41.6822010140
-92.4062270000 41.6791081047
-92.4082340000 41.5752080817
-92.2941820000 41.5694349653
-92.2508320000 41.5482465897
-92.1944730000 41.5644641014
-92.1932450000 41.6072460011
-92.1150740000 41.6486466404
-92.1688840000 41.7319750031
-92.1537400000 41.7419389044
-92.1112520000 41.7199561483
-92.0189210000 41.7456815533
-92.0085980000 41.7722612910
-92.0289150000 41.8230747997
-92.0058360000 41.8508291379
-92.0089800000 41.8650113026
-92.0849380000 41.8493508093
-92.1602330000 41.8734034580
-92.2010570000 41.9050334619
-92.2206570000 41.9574888460
-92.3625410000 42.0097628620
-92.3426670000 42.0453652362
-92.3483960000 42.0563219064
-92.3948670000 42.0804340161
-92.4951860000 41.6822010140
29
36
-92.7073670000 42.8302816007
-92.6921460000 43.2040776965
-92.6893390000 43.3180557627
-92.8579100000 43.3207383340
-93.2668760000 43.3253641383
-93.2878270000 43.2988616022
-93.2733080000 43.2612025571
-93.2847060000 43.2622974967
-93.2604060000 43.2243811342
-93.2780990000 43.2111483283
-93.2709730000 43.1431092737
-93.2536700000 43.1182930815
-93.2848130000 43.1113866456
-93.2616420000 43.0222664676
-93.2767560000 43.0091566008
-93.2510070000 43.0091669626
-93.2502060000 42.9863377261
-93.2262270000 43.0259623413
-93.2201770000 42.9716677987
-93.2209170000 42.9863972911
-93.1987300000 42.9752683782
-93.2064510000 42.9827224615
-93.1199040000 42.9543699311
-93.1044850000 42.9105174400
-93.0799030000 42.8932144693
-93.0743180000 42.8485732357
-93.0568310000 42.8321262391
-92.9549260000 42.8117183858
-92.9561840000 42.7711180088
-92.9163740000 42.7431920818
-92.9373470000 42.7226415905
-92.9306640000 42.7094576421
-92.8574680000 42.7198631449
-92.8494030000 42.7065711660
-92.7924120000 42.8533235384
-92.7073670000 42.8302816007
29
9
-92.3452840000 43.7601886207
-92.3448260000 43.6505523918
-92.3270650000 43.6503332335
-92.2878720000 43.6494826956
-91.9527280000 43.6455066689
-91.9507830000 44.0479571693
-91.9497450000 44.1050888072
-92.3478090000 44.1076509334
-92.3452840000 43.7601886207
29
10
-93.5128940000 41.7903278845
-93.2918170000 41.7851010121
-93.2882310000 41.8196166432
-93.0672910000 41.8128336649
-93.0601040000 42.0214084132
-93.0504530000 42.3232140181
-93.4964220000 42.3420350504
-93.4972230000 42.3234248333
-93.5112610000 41.8461602071
-93.5128940000 41.7903278845
29
11
-92.8474810000 43.7602082126
-92.8579100000 43.3207383340
-92.6893390000 43.3180557627
-92.6921460000 43.2040776965
-92.3010250000 43.1978032524
-92.2993160000 43.1977941669
-92.2878720000 43.6494826956
-92.3270650000 43.6503332335
-92.3448260000 43.6505523918
-92.3452840000 43.7601886207
-92.8474810000 43.7602082126
29
9
-91.8467560000 43.2668605384
-92.1811750000 43.2725487537
-92.1865770000 43.2011364152
-92.2993160000 43.1977941669
-92.3010250000 43.1978032524
-92.3103560000 42.8641348339
-91.7179720000 42.8529188349
-91.7149580000 43.2657057929
-91.8467560000 43.2668605384
29
9
-93.6211470000 40.4138271214
-93.6160280000 40.5970673095
-94.0754170000 40.6082769456
-94.0821000000 40.3154706460
-94.0837780000 40.2419313530
-94.0703350000 40.2415618080
-94.0523760000 40.2410439446
-93.6258390000 40.2307739919
-93.6211470000 40.4138271214
29
20
-89.9613110000 39.1147506593
-89.9593730000 38.6319277581
-89.7067260000 38.6354678771
-89.6724620000 38.7467245448
-89.5935520000 38.7916565643
-89.6039200000 38.8409868771
-89.7049330000 38.9312814151
-89.6937480000 38.9460307356
-89.6004030000 38.9280516197
-89.5346760000 38.9460914983
-89.5438310000 38.9801233406
-89.6129610000 39.0176331194
-89.6158450000 39.0494543785
-89.5452040000 39.0503692797
-89.5915070000 39.1321569559
-89.6717530000 39.1288632963
-89.7234800000 39.1617838225
-89.7425380000 39.1573085163
-89.7548520000 39.1100079843
-89.9613110000 39.1147506593
29
10
-90.5497280000 40.2756791649
-90.2176590000 40.2723785288
-90.1730040000 40.2699367610
-90.1456990000 40.2687624214
-90.1467670000 40.6282125577
-90.1467740000 40.6839921628
-90.5350190000 40.6865495123
-90.5351560000 40.6304654710
-90.5463710000 40.6295466293
-90.5497280000 40.2756791649
29
20
-92.1944730000 41.5644641014
-92.1956790000 41.5092773055
-91.6447300000 41.5045249898
-91.6403730000 42.0351441225
-91.6471710000 42.0346354032
-91.7254640000 42.0389756250
-91.7611920000 42.0106865090
-91.8528290000 41.9925278551
-91.9436800000 41.8987470222
-92.0089800000 41.8650113026
-92.0058360000 41.8508291379
-92.0289150000 41.8230747997
-92.0085980000 41.7722612910
-92.0189210000 41.7456815533
-92.1112520000 41.7199561483
-92.1537400000 41.7419389044
-92.1688840000 41.7319750031
-92.1150740000 41.6486466404
-92.1932450000 41.6072460011
-92.1944730000 41.5644641014
29
10
-93.0652770000 39.9883792749
-93.0615080000 40.2148188769
-93.0766600000 40.2156532617
-93.0733870000 40.3980764946
-93.1824800000 40.4011020124
-93.6211470000 40.4138271214
-93.6258390000 40.2307739919
-93.6051940000 40.2227533701
-93.6089020000 40.0001538212
-93.0652770000 39.9883792749
29
17
-91.8091050000 40.6300136219
-91.7566380000 40.6299984762
-91.7549900000 40.4111802177
-91.6466290000 40.4079705374
-91.2118610000 40.3985864065
-91.2109830000 40.5077269634
-91.2196580000 40.5080874684
-91.3140720000 40.5186574341
-91.3121950000 40.6223867872
-91.1550750000 40.6164225619
-91.1533430000 40.7543870357
-91.3101880000 40.7578006756
-91.3085710000 40.8583446227
-91.3083110000 40.8680076394
-91.5287930000 40.8702903676
-91.8055340000 40.8731957387
-91.8091050000 40.6300136219
29
25
-92.6251910000 41.6859654915
-92.6332020000 41.5927527674
-92.6337660000 41.5801986502
-92.6742320000 41.5809420308
-92.6898350000 41.5809573320
-92.6958850000 41.4198714887
-92.6403050000 41.3997125117
-92.6413120000 41.3557404610
-92.6048280000 41.3458664441
-92.5930860000 41.2783346295
-92.5697020000 41.2583576023
-92.5701290000 41.2222764099
-92.5019610000 41.1659765265
-92.4062730000 41.1645624210
-92.1853710000 41.1584175317
-92.1813740000 41.3425240421
-92.1977770000 41.3429017732
-92.1956790000 41.5092773055
-92.1944730000 41.5644641014
-92.2508320000 41.5482465897
-92.2941820000 41.5694349653
-92.4082340000 41.5752080817
-92.4062270000 41.6791081047
-92.4951860000 41.6822010140
-92.6251910000 41.6859654915
29
9
-92.2494660000 40.6371828813
-92.0292590000 40.6346596940
-92.0211640000 41.1511840662
-92.1853710000 41.1584175317
-92.4062730000 41.1645624210
-92.4092330000 40.9591500330
-92.4136050000 40.7753751169
-92.2488630000 40.6881925672
-92.2494660000 40.6371828813
29
15
-91.6305540000 41.3327048431
-91.6324310000 41.2023596892
-91.6411970000 41.2025870018
-91.8959810000 41.1997830959
-91.9360280000 41.1768775391
-91.9537050000 41.1886521189
-91.9667050000 41.1499694475
-92.0211640000 41.1511840662
-92.0292590000 40.6346596940
-91.8091050000 40.6300136219
-91.8055340000 40.8731957387
-91.5287930000 40.8702903676
-91.5266040000 41.3314814903
-91.5343860000 41.3315259987
-91.6305540000 41.3327048431
29
26
-90.9585340000 42.2494830171
-90.9555890000 42.2794097384
-90.8627470000 42.2701722077
-90.8075640000 42.2581609617
-90.8032300000 42.3023315900
-90.7252270000 42.3234531134
-90.7345660000 42.3058954156
-90.6994860000 42.2971743780
-90.7176440000 42.3058709966
-90.6837010000 42.3078463896
-90.6965790000 42.3290488939
-90.6655650000 42.3308383820
-90.6777570000 42.4017005250
-90.7127230000 42.4795181882
-90.6819920000 42.5314632741
-90.7218320000 42.7043314994
-91.1725620000 42.7082506295
-91.1829450000 42.7083642300
-91.1852420000 42.6040111885
-91.2602310000 42.5956251175
-91.2642900000 42.4061868863
-91.1883930000 42.4049440121
-91.1854100000 42.3280628906
-91.1104200000 42.3204426150
-91.1044540000 42.2516729771
-90.9585340000 42.2494830171
29
7
-94.2058790000 43.4364290898
-94.2059630000 43.3803383645
-94.2085190000 43.0964098255
-93.7591930000 43.0929340451
-93.7583310000 43.2056911587
-93.7590180000 43.4309282670
-94.2058790000 43.4364290898
29
16
-92.8535000000 40.4852498069
-92.6866680000 40.4820577650
-92.2522580000 40.4712184839
-92.2494660000 40.6371828813
-92.2488630000 40.6881925672
-92.4136050000 40.7753751169
-92.4092330000 40.9591500330
-92.4533620000 40.9148210433
-92.5018690000 40.9190761288
-92.5490720000 40.8849029201
-92.6003800000 40.9359223968
-92.6215210000 41.0011418669
-92.8553850000 41.0054642496
-92.8580470000 40.7845719187
-92.8463520000 40.7820397057
-92.8535000000 40.4852498069
29
15
-91.6305540000 41.3327048431
-91.6438140000 41.3328892376
-91.6447300000 41.5045249898
-92.1956790000 41.5092773055
-92.1977770000 41.3429017732
-92.1813740000 41.3425240421
-92.1853710000 41.1584175317
-92.0211640000 41.1511840662
-91.9667050000 41.1499694475
-91.9537050000 41.1886521189
-91.9360280000 41.1768775391
-91.8959810000 41.1997830959
-91.6411970000 41.2025870018
-91.6324310000 41.2023596892
-91.6305540000 41.3327048431
29
22
-92.6841660000 44.1610030057
-92.6856610000 44.2280456052
-92.6659850000 44.2312652016
-92.6792830000 44.2443299307
-92.6645360000 44.2483026531
-92.7015000000 44.2747688244
-92.7086640000 44.3152156851
-92.7011180000 44.3417781718
-92.6761250000 44.3666521761
-92.6881410000 44.3891588249
-92.6708760000 44.3929525868
-92.7077560000 44.4133646170
-92.6834030000 44.4467945081
-92.7179340000 44.4440422023
-92.6898570000 44.4621555588
-92.7209470000 44.4767252963
-92.7143710000 44.4843060416
-93.3743900000 44.4721958590
-93.3668440000 44.2128643977
-92.8569030000 44.2167201749
-92.8556290000 44.1599009070
-92.6841660000 44.1610030057
29
12
-93.6160280000 40.5970673095
-93.6211470000 40.4138271214
-93.1824800000 40.4011020124
-93.1781230000 40.7952982372
-93.1912920000 40.8000587192
-93.1877370000 40.8877125580
-93.5738750000 40.9058240935
-93.5732040000 40.9197078881
-93.6284030000 40.9214803821
-93.6320950000 40.8192864490
-93.6149670000 40.8105364254
-93.6160280000 40.5970673095
29
11
-93.5040050000 41.2304173061
-93.5121000000 41.0280171323
-93.5324170000 41.0286078009
-93.5690230000 41.0226214339
-93.5732040000 40.9197078881
-93.5738750000 40.9058240935
-93.1877370000 40.8877125580
-93.1794280000 41.0162691818
-93.0724490000 41.0141945276
-93.0652010000 41.2170002605
-93.5040050000 41.2304173061
29
10
-91.1780090000 43.1885156988
-91.3066940000 43.3010667076
-91.7155300000 43.3020984608
-91.7149580000 43.2657057929
-91.7179720000 42.8529188349
-91.7157820000 42.8340045256
-91.4382320000 42.8265342696
-91.4603730000 42.9968101215
-91.2038190000 43.1885857801
-91.1780090000 43.1885156988
29
23
-92.6958850000 41.4198714887
-92.6898350000 41.5809573320
-92.6742320000 41.5809420308
-92.6337660000 41.5801986502
-92.6332020000 41.5927527674
-92.6251910000 41.6859654915
-92.8417740000 41.9009631574
-92.8397900000 42.0097385219
-93.0601040000 42.0214084132
-93.0672910000 41.8128336649
-93.0778350000 41.4689986561
-93.0458600000 41.4810485663
-92.9831920000 41.4109566553
-93.0209580000 41.3877368044
-92.9885410000 41.3773402799
-92.9596250000 41.4315356370
-92.9361190000 41.4221728871
-92.9345930000 41.4061202972
-92.9629970000 41.3883043144
-92.9552150000 41.3879162186
-92.7648850000 41.3786405769
-92.7517850000 41.4123592464
-92.6958850000 41.4198714887
29
12
-93.5128940000 41.7903278845
-93.5234760000 41.4012218330
-93.4977950000 41.3783886588
-93.5040050000 41.2304173061
-93.0652010000 41.2170002605
-93.0636140000 41.3738211724
-93.0817870000 41.3828011408
-93.0778350000 41.4689986561
-93.0672910000 41.8128336649
-93.2882310000 41.8196166432
-93.2918170000 41.7851010121
-93.5128940000 41.7903278845
29
16
-91.3691940000 42.0294202330
-91.3674850000 41.4042278227
-91.0957640000 41.3970273550
-90.7801820000 41.3970668046
-90.7363280000 41.7317706529
-90.7323300000 41.9527363938
-90.7772900000 41.8932849634
-90.8959660000 41.8262492589
-90.9644620000 41.8351454880
-91.0076680000 41.8542577752
-91.0465700000 41.9084845970
-91.1280140000 41.8995863835
-91.2214890000 41.9275007969
-91.2327270000 41.9675937462
-91.3105390000 42.0368304764
-91.3691940000 42.0294202330
29
11
-92.1102910000 42.4980882163
-91.6340030000 42.4914942631
-91.6297990000 42.6041246584
-91.4090350000 42.5991024579
-91.4382320000 42.8265342696
-91.7157820000 42.8340045256
-91.7179720000 42.8529188349
-92.3103560000 42.8641348339
-92.3144300000 42.7334385717
-92.1047590000 42.7176915753
-92.1102910000 42.4980882163
29
13
-93.0733870000 40.3980764946
-93.0680160000 40.4894136121
-92.8535000000 40.4852498069
-92.8463520000 40.7820397057
-92.8580470000 40.7845719187
-92.8553850000 41.0054642496
-93.0724490000 41.0141945276
-93.1794280000 41.0162691818
-93.1877370000 40.8877125580
-93.1912920000 40.8000587192
-93.1781230000 40.7952982372
-93.1824800000 40.4011020124
-93.0733870000 40.3980764946
29
6
-93.7743450000 44.4686593730
-93.7633210000 44.0567841749
-93.3672100000 44.0598337322
-93.3668440000 44.2128643977
-93.3743900000 44.4721958590
-93.7743450000 44.4686593730
29
11
-94.1141740000 42.3091509179
-94.1190190000 42.2008229398
-94.1256640000 41.9734751262
-94.1165770000 41.9672224112
-94.1152110000 41.8621079308
-94.0643160000 41.8605079180
-93.5112610000 41.8461602071
-93.4972230000 42.3234248333
-93.8287580000 42.3353405399
-93.8359150000 42.3075327915
-94.1141740000 42.3091509179
29
8
-93.7590180000 43.4309282670
-93.7616880000 43.6586642373
-93.7640230000 43.8851715138
-94.2164380000 43.8896723066
-94.2188030000 43.7570539861
-94.2035980000 43.7439667720
-94.2058790000 43.4364290898
-93.7590180000 43.4309282670
29
20
-94.2125090000 42.6823663379
-94.1704940000 42.6891019441
-94.1858370000 42.6487383839
-94.1317750000 42.6347048338
-94.1048200000 42.6003415424
-94.0429610000 42.5990728026
-94.0243380000 42.6166085130
-94.0332110000 42.6590646659
-93.9774020000 42.6802989079
-93.9620510000 42.6540291019
-93.9847110000 42.6074153498
-93.9691090000 42.5987581991
-93.9386220000 42.6476960160
-93.8963620000 42.6564313781
-93.8512340000 42.6912586312
-93.7584610000 42.6822734187
-93.7591930000 43.0929340451
-94.2085190000 43.0964098255
-94.2106400000 43.0024566808
-94.2125090000 42.6823663379
29
33
-92.4062730000 41.1645624210
-92.5019610000 41.1659765265
-92.5701290000 41.2222764099
-92.5697020000 41.2583576023
-92.5930860000 41.2783346295
-92.6048280000 41.3458664441
-92.6413120000 41.3557404610
-92.6403050000 41.3997125117
-92.6958850000 41.4198714887
-92.7517850000 41.4123592464
-92.7648850000 41.3786405769
-92.9552150000 41.3879162186
-92.9629970000 41.3883043144
-92.9345930000 41.4061202972
-92.9361190000 41.4221728871
-92.9596250000 41.4315356370
-92.9885410000 41.3773402799
-93.0209580000 41.3877368044
-92.9831920000 41.4109566553
-93.0458600000 41.4810485663
-93.0778350000 41.4689986561
-93.0817870000 41.3828011408
-93.0636140000 41.3738211724
-93.0652010000 41.2170002605
-93.0724490000 41.0141945276
-92.8553850000 41.0054642496
-92.6215210000 41.0011418669
-92.6003800000 40.9359223968
-92.5490720000 40.8849029201
-92.5018690000 40.9190761288
-92.4533620000 40.9148210433
-92.4092330000 40.9591500330
-92.4062730000 41.1645624210
29
8
-92.3478090000 44.1076509334
-92.3499760000 44.1649864199
-92.6841660000 44.1610030057
-92.8556290000 44.1599009070
-92.8561940000 43.7601442127
-92.8474810000 43.7602082126
-92.3452840000 43.7601886207
-92.3478090000 44.1076509334
29
9
-92.7648320000 39.6345880726
-92.1123430000 39.6198715030
-92.0958400000 39.6251264471
-92.0887370000 39.9476309501
-92.2513580000 39.9518989793
-92.6858670000 39.9611687562
-92.9032750000 39.9656817866
-92.9093550000 39.6386522630
-92.7648320000 39.6345880726
29
13
-93.7616880000 43.6586642373
-93.7590180000 43.4309282670
-93.7583310000 43.2056911587
-93.2780990000 43.2111483283
-93.2604060000 43.2243811342
-93.2847060000 43.2622974967
-93.2733080000 43.2612025571
-93.2878270000 43.2988616022
-93.2668760000 43.3253641383
-93.3648070000 43.3256812857
-93.3645940000 43.3433198226
-93.3620530000 43.6690914818
-93.7616880000 43.6586642373
29
7
-92.6921460000 43.2040776965
-92.7073670000 42.8302816007
-92.4302290000 42.7362019380
-92.3144300000 42.7334385717
-92.3103560000 42.8641348339
-92.3010250000 43.1978032524
-92.6921460000 43.2040776965
29
9
-93.3619000000 43.7547474879
-93.3620530000 43.6690914818
-93.3645940000 43.3433198226
-93.3648070000 43.3256812857
-93.2668760000 43.3253641383
-92.8579100000 43.3207383340
-92.8474810000 43.7602082126
-92.8561940000 43.7601442127
-93.3619000000 43.7547474879
29
7
-93.3619000000 43.7547474879
-93.3672100000 44.0598337322
-93.7633210000 44.0567841749
-93.7640230000 43.8851715138
-93.7616880000 43.6586642373
-93.3620530000 43.6690914818
-93.3619000000 43.7547474879
