20
McLeod County
-94.2637310000 50.2646509626
Blue Earth County
-94.0370450000 49.2198539989
St. Louis County
-92.4045470000 53.9217114811
Clay County
-96.5684590000 53.1870834661
Mower County
-92.8389810000 48.6246297957
Itasca County
-93.5700570000 54.0141383341
Rice County
-93.2830240000 49.5822283960
Beltrami County
-94.8371220000 54.4427264432
Chisago County
-92.9119130000 51.1749506354
Stearns County
-94.4958860000 51.2675271255
Otter Tail County
-95.7371560000 52.5111490478
Anoka County
-93.2788050000 50.7819203412
Kandiyohi County
-95.0173370000 50.7210722731
Crow Wing County
-94.1084460000 52.6156594315
Sherburne County
-93.7680270000 51.1003854114
Dakota County
-93.1201320000 50.1585933760
Hennepin County
-93.3623570000 50.4584527603
Olmsted County
-92.4425480000 49.1072973857
Benton County
-94.0709040000 51.4246654126
Winona County
-91.7419070000 49.1091715837
96
27
23
-93.0194170000 50.3445137428
-93.0065160000 50.2473166062
-93.0159760000 50.1829774759
-92.8830800000 50.1816546989
-92.8533250000 50.1415012560
-92.8020480000 50.1398102635
-92.8060150000 50.1691407996
-92.7659300000 50.2668677257
-92.7749710000 50.3507486778
-92.7521060000 50.4012753846
-92.7695010000 50.4626015080
-92.7620160000 50.5316800241
-92.8031230000 50.5875252539
-92.7405090000 50.6595118793
-92.7668080000 50.7617025531
-92.7523120000 50.8062641774
-92.7618710000 50.9029583111
-92.7456820000 50.9187419646
-93.0191190000 50.9199133531
-93.0205150000 50.6743508656
-92.9900210000 50.6740645754
-92.9838100000 50.3511481703
-93.0194170000 50.3445137428
27
11
-91.2841420000 48.8845710957
-91.4374310000 49.0968496513
-91.5956190000 49.1432426971
-91.7075880000 49.2416064306
-91.7196040000 49.2766490940
-91.8582460000 49.3656488625
-92.0794140000 49.3558055995
-92.0794910000 49.2457662526
-92.0792920000 48.8845918947
-91.7304230000 48.8843908387
-91.2841420000 48.8845710957
27
14
-96.5766300000 51.9572167242
-96.5614930000 51.8461251962
-96.5818480000 51.6699504263
-96.6706240000 51.5430726741
-96.8422700000 51.4136308713
-96.8520810000 51.3536326505
-96.8354490000 51.3321804802
-96.2531200000 51.3312102591
-96.2539830000 51.5807149600
-96.2536770000 51.8315382551
-96.2566380000 51.8320055595
-96.2661440000 51.8322730027
-96.2656780000 51.9568480530
-96.5766300000 51.9572167242
27
67
-93.0615310000 53.0369984955
-92.3016280000 53.0240851705
-92.2921910000 52.8863251350
-92.2727890000 52.8711696270
-92.2123950000 52.8669449041
-92.1775890000 52.9157630091
-92.2051930000 52.9374852143
-92.1914900000 52.9635874869
-92.1467290000 52.9629369759
-92.1433180000 52.9880336777
-92.1173930000 53.0103610651
-92.0985870000 53.0114410419
-92.0250850000 52.9482712766
-92.0057910000 52.9560033881
-92.0675200000 53.0335400390
-92.0812910000 53.0591441053
-91.8392030000 53.2543395945
-91.8155210000 53.2533777802
-91.7939830000 53.2905457669
-91.7982480000 55.1625751392
-91.8644490000 55.1690435742
-91.9008640000 55.2139775379
-91.9595870000 55.2122719780
-91.9542240000 55.2322110785
-91.9769060000 55.2252673176
-92.0072480000 55.2789882009
-92.0070570000 55.3421605368
-92.0476530000 55.3742815213
-92.0662690000 55.3981154595
-92.1621630000 55.4036435117
-92.2169800000 55.3763141669
-92.2622830000 55.3910889518
-92.2889940000 55.3731170247
-92.2954100000 55.3444840960
-92.3063130000 55.3331827850
-92.2945250000 55.3181665726
-92.2938540000 55.2637647445
-92.2697450000 55.2306973331
-92.2807240000 55.2247342477
-92.3696520000 55.1889759595
-92.3937840000 55.2492037158
-92.4704210000 55.3885277249
-92.4745100000 55.4211468736
-92.4563220000 55.4803323609
-92.4755860000 55.4872465164
-92.5149080000 55.5317416598
-92.6632690000 55.5194871656
-92.7125630000 55.5539039237
-92.7086490000 55.5649663465
-92.6848680000 55.6060991019
-92.6291280000 55.6177048797
-92.6449430000 55.6766679948
-92.7501450000 55.6800334241
-92.9498370000 55.7732730312
-92.9499280000 55.7984479445
-92.9804840000 55.7984539961
-93.0884400000 55.8025116809
-93.0964890000 54.9602399463
-93.0889820000 54.9603880945
-93.0811610000 54.6973801406
-93.0824660000 54.4530222844
-93.0646970000 54.4418122815
-93.0660710000 53.5619697141
-93.0662460000 53.5390145961
-93.0561900000 53.5389587632
-93.0559460000 53.4173038639
-93.0615310000 53.0369984955
27
24
-96.4515610000 50.2243451856
-96.4517590000 49.9790855697
-96.0928960000 49.9781202046
-95.6039660000 49.9703218227
-95.6043320000 49.8545031548
-95.5949100000 49.8541229279
-95.3604130000 49.8536416839
-95.3601910000 50.0736933860
-95.3987200000 50.0957582775
-95.3972400000 50.1090715805
-95.4828800000 50.1505847822
-95.4949340000 50.1739058272
-95.5301590000 50.1768835829
-95.4976810000 50.2004277490
-95.5437390000 50.2216024686
-95.5353090000 50.2353888698
-95.5990450000 50.2774715153
-95.6794740000 50.3701369223
-95.7203140000 50.3671916099
-95.7370150000 50.4087168298
-95.7375410000 50.3457248383
-95.8477780000 50.3378742119
-95.8551030000 50.2241084006
-96.4515610000 50.2243451856
27
33
-96.2656780000 51.9568480530
-96.2653730000 52.0818822734
-96.2711790000 52.3330170573
-96.2800600000 52.3357431645
-96.2809750000 52.8391154683
-96.7830120000 52.8385096717
-96.7789080000 52.8039636653
-96.7471770000 52.7672038189
-96.7572170000 52.7612868808
-96.7418210000 52.7412828569
-96.7544250000 52.7313350998
-96.7406770000 52.7157644328
-96.7460330000 52.6994162119
-96.7387920000 52.6174702584
-96.7143100000 52.6066639980
-96.7216030000 52.5612537804
-96.7034530000 52.5569803156
-96.7045360000 52.5292642676
-96.6922150000 52.5271450512
-96.7018280000 52.5261485605
-96.6850430000 52.5236305554
-96.6449510000 52.4318535004
-96.6163330000 52.4265207957
-96.5997540000 52.3972038533
-96.6001130000 52.3027193003
-96.5839920000 52.2850317925
-96.5986480000 52.2743590078
-96.5839770000 52.2251144849
-96.5919880000 52.1774976760
-96.5770570000 52.1651802859
-96.5579220000 52.0728419273
-96.5766300000 51.9572167242
-96.2656780000 51.9568480530
27
9
-94.7316440000 52.4583296629
-95.1554570000 52.4586557435
-95.1457900000 52.0794663176
-95.1397320000 51.6002538590
-94.6439900000 51.6009922162
-94.6534650000 52.4292950322
-94.6704250000 52.4465612255
-94.7224500000 52.4339918985
-94.7316440000 52.4583296629
27
26
-94.1494670000 51.2935221819
-94.2031710000 51.3778284266
-94.1979830000 51.4418067253
-94.1830060000 51.4648597837
-94.2032240000 51.4638392926
-94.2242890000 51.5143097878
-94.2149200000 51.5318427454
-94.2579880000 51.5537740178
-94.2717740000 51.6028144823
-94.6439900000 51.6009922162
-95.1397320000 51.6002538590
-95.1396710000 51.5794192253
-95.1317290000 51.0843268035
-94.7632060000 51.0798710795
-94.7634280000 50.9614916114
-94.3835530000 50.9623435928
-94.3765720000 50.8996936524
-94.2608180000 50.9016024028
-94.2558290000 50.9340694508
-94.1927190000 50.9507764750
-94.1612850000 50.9264160062
-94.0920640000 50.9859765095
-94.0854340000 51.0385477340
-94.0468220000 51.0983095220
-94.1421130000 51.2000740650
-94.1494670000 51.2935221819
27
26
-94.6242370000 49.7335301819
-93.9293820000 49.7341662292
-93.9168620000 49.7429102784
-93.9269180000 49.7521359063
-93.9071960000 49.7577973475
-93.8873370000 49.8048234773
-93.8880770000 49.8319675970
-93.9108430000 49.8554768804
-93.8917690000 49.8593901396
-93.9026490000 49.9169713822
-93.8542180000 49.9594151744
-93.8460390000 49.9703274428
-93.7741470000 49.9884025624
-93.7680360000 49.9918879253
-93.7680360000 50.0385007026
-93.7784420000 50.0385007026
-93.8888470000 50.0434254414
-93.8927460000 50.0999772050
-94.0102840000 50.1002783643
-94.2502590000 50.1008736497
-94.2547840000 49.9805652563
-94.4928280000 49.9772841262
-94.4980770000 50.1000954169
-94.6297680000 50.0995268754
-94.6297530000 50.0871367530
-94.6242370000 49.7335301819
27
6
-93.0459060000 49.3706072006
-93.4066310000 49.3702501345
-93.4067460000 48.8860408989
-93.0497130000 48.8864860048
-93.0457920000 48.8864333130
-93.0459060000 49.3706072006
27
7
-93.5252300000 49.3697926458
-93.7679670000 49.3695959822
-93.7677610000 48.8858134937
-93.6485370000 48.8860630848
-93.4067460000 48.8860408989
-93.4066310000 49.3702501345
-93.5252300000 49.3697926458
27
8
-95.1628110000 53.0929271888
-95.1635210000 52.9656571977
-95.1554570000 52.4586557435
-94.7316440000 52.4583296629
-94.7314990000 52.4799988296
-94.7788160000 52.4949967872
-94.7869950000 53.0917847331
-95.1628110000 53.0929271888
27
20
-92.5508730000 49.3677451360
-92.3196330000 49.3675693985
-92.3195800000 49.3481359792
-92.3190540000 49.2462815448
-92.2994690000 49.2463024351
-92.0794910000 49.2457662526
-92.0794140000 49.3558055995
-91.8582460000 49.3656488625
-91.8897930000 49.4120820602
-91.8963850000 49.4796532941
-91.9240880000 49.5021339891
-91.9161910000 49.5402943108
-91.9595260000 49.5980583402
-92.0548550000 49.6577946555
-92.2420120000 49.7308263359
-92.4298400000 49.7319919208
-92.4305730000 49.6109284545
-92.5326920000 49.6103996783
-92.5506060000 49.6105003973
-92.5508730000 49.3677451360
27
8
-95.7585070000 51.5810159633
-96.2539830000 51.5807149600
-96.2531200000 51.3312102591
-96.2474590000 51.3312102591
-96.2412950000 51.0950811004
-96.1169430000 51.0837071468
-95.7474820000 51.0842783704
-95.7585070000 51.5810159633
27
9
-95.2465520000 50.7147747349
-95.2551270000 51.0844948952
-95.7474820000 51.0842783704
-96.1169430000 51.0837071468
-96.1173480000 50.8389087312
-96.1037450000 50.8343089276
-96.1036150000 50.7492278876
-96.0366970000 50.7145251691
-95.2465520000 50.7147747349
27
6
-94.3689500000 48.8855070523
-94.3690410000 49.2480502751
-94.8598860000 49.2470893067
-94.8593600000 48.8857926944
-94.8544310000 48.8858620252
-94.3689500000 48.8855070523
27
26
-93.5243300000 49.8559006089
-93.2814180000 49.8564618422
-93.2786180000 49.9783408183
-93.2887190000 49.9783408183
-93.3182530000 49.9880484129
-93.3295210000 50.2038996531
-93.3810270000 50.1967136521
-93.4403310000 50.2330771129
-93.5204320000 50.2226454231
-93.5778120000 50.2092317944
-93.6210330000 50.1652985567
-93.6095350000 50.1540334365
-93.6329120000 50.1126578191
-93.6185070000 50.0870185598
-93.7209550000 50.0251230031
-93.7152180000 50.0165637771
-93.7596360000 49.9970670562
-93.7558060000 49.9856691865
-93.7680360000 49.9918879253
-93.7741470000 49.9884025624
-93.8460390000 49.9703274428
-93.8542180000 49.9594151744
-93.9026490000 49.9169713822
-93.8917690000 49.8593901396
-93.9108430000 49.8554768804
-93.5243300000 49.8559006089
27
18
-93.5100780000 51.0879793138
-93.5109250000 51.2933208036
-93.7596210000 51.2944376744
-94.1494670000 51.2935221819
-94.1421130000 51.2000740650
-94.0468220000 51.0983095220
-94.0058440000 51.0710914043
-94.0080260000 51.0534680012
-93.9951170000 51.0684722156
-93.9562840000 51.0349629535
-93.9174040000 51.0436689225
-93.8682400000 50.9808689475
-93.7669220000 50.9201735060
-93.5638200000 50.9259880717
-93.5519330000 50.8746069512
-93.5213320000 50.8484386430
-93.5121380000 50.8471603480
-93.5100780000 51.0879793138
27
30
-94.2608180000 50.9016024028
-94.2559050000 50.4699510373
-94.0122380000 50.4688836956
-93.7664410000 50.4678262636
-93.7668080000 50.5802952877
-93.7617570000 50.6134109116
-93.7385410000 50.6131998961
-93.7010500000 50.6915287173
-93.6390460000 50.7329738474
-93.6570280000 50.7785314369
-93.5895840000 50.8035882816
-93.5434650000 50.8278037562
-93.5286790000 50.8141646210
-93.5213320000 50.8484386430
-93.5519330000 50.8746069512
-93.5638200000 50.9259880717
-93.7669220000 50.9201735060
-93.8682400000 50.9808689475
-93.9174040000 51.0436689225
-93.9562840000 51.0349629535
-93.9951170000 51.0684722156
-94.0080260000 51.0534680012
-94.0058440000 51.0710914043
-94.0468220000 51.0983095220
-94.0854340000 51.0385477340
-94.0920640000 50.9859765095
-94.1612850000 50.9264160062
-94.1927190000 50.9507764750
-94.2558290000 50.9340694508
-94.2608180000 50.9016024028
27
50
-91.0317610000 55.1410056203
-91.0219040000 54.6916908371
-91.0231480000 54.0632987981
-90.7761230000 54.2728850656
-90.5267790000 54.4213898981
-90.3420330000 54.4787797757
-90.3136600000 54.4961128798
-90.0697860000 54.5590140486
-90.0716550000 54.5772689792
-89.9736560000 54.6067143400
-89.9188610000 54.6544396110
-89.8685610000 54.6713395361
-89.7500990000 54.5943054416
-89.6410220000 54.5234441266
-89.6251680000 54.5598209205
-89.4891970000 54.8805341434
-89.5817790000 54.8529492465
-89.6111370000 54.8854555039
-89.6390840000 54.8643580573
-89.7035520000 54.8686730423
-89.7240450000 54.8872061608
-89.7758480000 54.8923671673
-89.8204800000 54.8807284803
-89.8471300000 54.8475861644
-89.8990780000 54.8409623987
-89.9353410000 54.8823758794
-89.9937970000 54.9013055564
-89.9980550000 54.9451318231
-90.0296250000 54.9898213658
-90.0916370000 55.0153363105
-90.1886830000 55.0203052297
-90.3750990000 54.9950820737
-90.4710160000 55.0175002519
-90.5584720000 55.0033511239
-90.5697630000 55.0188151193
-90.5558470000 55.0339661691
-90.5592880000 55.0408746959
-90.5822140000 55.0440235841
-90.6450040000 55.0132278366
-90.7616270000 55.0058306646
-90.7971190000 55.0672292611
-90.7779160000 55.1039939012
-90.7973100000 55.0990360650
-90.8219380000 55.1351409820
-90.8328250000 55.1192772023
-90.8347780000 55.1342140801
-90.8473510000 55.2249925233
-90.8988650000 55.2190584091
-91.0001070000 55.1664102208
-91.0317610000 55.1410056203
27
7
-92.4490430000 48.8665514912
-92.4489520000 48.4053558061
-91.7303620000 48.4056604792
-91.7304230000 48.8843908387
-92.0792920000 48.8845918947
-92.4455410000 48.8862377990
-92.4490430000 48.8665514912
27
54
-95.5542220000 54.1156460776
-95.5532910000 54.3705913798
-95.5784230000 54.3724893188
-95.5821530000 54.7601901646
-95.7095110000 54.7629335517
-95.7091830000 54.6541996369
-95.7091060000 54.6328240664
-95.8365630000 54.6323129612
-95.8370590000 54.5058668744
-96.3422700000 54.5014575655
-96.3518220000 54.5016286372
-96.3526540000 54.6116301908
-96.3528370000 54.6307886062
-96.4707180000 54.6314144374
-96.4819790000 54.6311357929
-96.4826580000 54.8042767704
-96.4826200000 54.8890659970
-96.5003360000 54.8912787223
-96.5008090000 55.1194541483
-97.1467060000 55.1181225645
-97.1209720000 55.0976298787
-97.1465070000 55.0716485424
-97.1223300000 55.0662177624
-97.1332400000 55.0630844487
-97.1225660000 55.0177458518
-97.1020580000 55.0012893928
-97.1038670000 54.9663367045
-97.0719530000 54.9296197902
-97.0510560000 54.7742364994
-97.0180510000 54.7364784081
-97.0218660000 54.6692806988
-97.0015560000 54.6608640390
-96.9979930000 54.6223597487
-96.9741900000 54.5943962929
-96.9914090000 54.5725429195
-96.9348450000 54.5110084101
-96.9394840000 54.4925891294
-96.9187240000 54.4465184715
-96.9310150000 54.4345320747
-96.8852920000 54.3727833699
-96.8879010000 54.3194135592
-96.8511580000 54.2592230577
-96.8519130000 54.2163721123
-96.8687290000 54.2139577808
-96.8472900000 54.2129573891
-96.8614960000 54.2028267419
-96.8457870000 54.1712843768
-96.8634340000 54.1746572721
-96.8540190000 54.1678997785
-96.8709180000 54.1552884493
-96.8420260000 54.1367047258
-96.8488620000 54.1136700405
-96.0675050000 54.1139690331
-95.5542220000 54.1156460776
27
27
-93.2814180000 49.8564618422
-93.2817150000 49.7758899612
-93.2818530000 49.7553491465
-93.0392070000 49.7552580586
-93.0386350000 49.8159436926
-92.9315030000 49.8131193231
-92.9135060000 49.8560451262
-92.7920990000 49.8580094631
-92.7928010000 49.9770803773
-92.7844010000 49.9769356456
-92.7324980000 49.9815404870
-92.7323150000 50.0953333010
-92.8020480000 50.1398102635
-92.8533250000 50.1415012560
-92.8830800000 50.1816546989
-93.0159760000 50.1829774759
-93.0065160000 50.2473166062
-93.0194170000 50.3445137428
-93.0524140000 50.3851715412
-93.0943150000 50.3903969601
-93.1781230000 50.3412673057
-93.2275240000 50.2576048212
-93.3295210000 50.2038996531
-93.3182530000 49.9880484129
-93.2887190000 49.9783408183
-93.2786180000 49.9783408183
-93.2814180000 49.8564618422
27
20
-93.0548480000 52.5316272390
-93.0538710000 52.1537079148
-93.0623630000 51.8985546697
-93.1431730000 51.8938447491
-93.1417920000 51.5391443835
-92.8410490000 51.5380556136
-92.7857820000 51.5860199512
-92.7590100000 51.6440581244
-92.7655110000 51.6799239340
-92.7088930000 51.7733967568
-92.6395950000 51.8304196113
-92.5522310000 51.8560934197
-92.5258330000 51.9022214917
-92.4707340000 51.8874285959
-92.4303820000 51.9597384235
-92.3512800000 51.9486801192
-92.3338550000 52.0142171237
-92.2943270000 52.0328058965
-92.2928620000 52.5286550415
-93.0548480000 52.5316272390
27
8
-93.0457920000 48.8864333130
-93.0497130000 48.8864860048
-93.0493010000 48.4041192031
-92.4489520000 48.4053558061
-92.4490430000 48.8665514912
-92.6894230000 48.8698523192
-92.6900180000 48.8864970978
-93.0457920000 48.8864333130
27
6
-95.4627000000 48.8855181451
-96.0521240000 48.8874483292
-96.0529480000 48.4051393648
-95.4544370000 48.4056136064
-95.4524990000 48.8854543611
-95.4627000000 48.8855181451
27
10
-91.7304230000 48.8843908387
-91.7303620000 48.4056604792
-91.2194750000 48.4054867740
-91.2435380000 48.4633823823
-91.2314000000 48.5126186601
-91.2650910000 48.5564782547
-91.2726360000 48.6468303311
-91.2443390000 48.7796848812
-91.2841420000 48.8845710957
-91.7304230000 48.8843908387
27
42
-96.2809750000 52.8391154683
-96.1723790000 52.8389421751
-96.1745530000 52.9661137374
-96.1740190000 53.3264580183
-96.1892010000 53.3456778449
-96.1946640000 53.6004123293
-96.8400420000 53.5995094828
-96.8208620000 53.5690011683
-96.8367540000 53.5568846501
-96.8157350000 53.5319755538
-96.8302760000 53.4670467196
-96.8126220000 53.4346193675
-96.8272630000 53.4244558383
-96.8153000000 53.4134648068
-96.8394470000 53.3881584379
-96.8209460000 53.3829673456
-96.8215870000 53.3334287824
-96.7950900000 53.3279672966
-96.8042600000 53.3011006271
-96.7891620000 53.2730043474
-96.7612530000 53.2791546740
-96.7537540000 53.2658266475
-96.7717510000 53.2354319317
-96.7791600000 53.1714457962
-96.7785570000 53.1430845060
-96.7939220000 53.1341455920
-96.7813640000 53.1222861076
-96.8030780000 53.0927986252
-96.7871480000 53.0641590166
-96.7968670000 53.0515858334
-96.7756880000 53.0362641630
-96.7895200000 53.0352670584
-96.7778470000 53.0287898364
-96.7897870000 53.0226255113
-96.7791980000 52.9812277186
-96.7910610000 52.9658628590
-96.7843400000 52.9181157157
-96.8020710000 52.8925399984
-96.7858200000 52.8527544071
-96.7975690000 52.8362205013
-96.7830120000 52.8385096717
-96.2809750000 52.8391154683
27
6
-93.6486360000 48.4041040386
-93.6485370000 48.8860630848
-93.7677610000 48.8858134937
-94.2470780000 48.8855444907
-94.2477110000 48.4051352290
-93.6486360000 48.4041040386
27
17
-95.3425370000 55.6704118320
-95.3422550000 55.9311167461
-95.0954280000 55.9318275306
-95.0912250000 56.2450384110
-95.1355820000 56.2095251546
-95.2252660000 56.1881114154
-95.2993620000 56.2209386468
-95.3229980000 56.2723852777
-95.3050380000 56.2860570732
-95.3177340000 56.2955831100
-95.3229450000 56.3661611031
-96.4054110000 56.3680160959
-96.4049840000 55.9381991229
-96.3874820000 55.9382279206
-96.3878330000 55.6764837162
-95.6023030000 55.6683034000
-95.3425370000 55.6704118320
27
33
-96.8400420000 53.5995094828
-96.1946640000 53.6004123293
-96.0670470000 53.6012872474
-96.0675050000 54.1139690331
-96.8488620000 54.1136700405
-96.8682940000 54.0821475702
-96.8518830000 54.0839807650
-96.8633500000 54.0506482293
-96.8547740000 54.0039034979
-96.8712620000 53.9945715178
-96.8418730000 53.9833432918
-96.8526380000 53.9758119191
-96.8385620000 53.9403118356
-96.8546910000 53.9276531883
-96.8372730000 53.9249613498
-96.8584590000 53.9195528519
-96.8307340000 53.8757863347
-96.8454900000 53.8600089052
-96.8290860000 53.8595751558
-96.8470230000 53.8425472378
-96.8308640000 53.8276893879
-96.8468320000 53.7749384331
-96.8322830000 53.7413150907
-96.8439870000 53.7306726829
-96.8289870000 53.7202113953
-96.8459240000 53.7008654634
-96.8337860000 53.7039265075
-96.8273850000 53.6741692364
-96.8443600000 53.6606737081
-96.8257600000 53.6579513379
-96.8336330000 53.6376439784
-96.8192900000 53.6192950917
-96.8400420000 53.5995094828
27
10
-94.4980770000 50.1000954169
-94.4928280000 49.9772841262
-94.2547840000 49.9805652563
-94.2502590000 50.1008736497
-94.0102840000 50.1002783643
-94.0122380000 50.4688836956
-94.2559050000 50.4699510373
-94.5002670000 50.4702860866
-94.5023350000 50.3468343192
-94.4980770000 50.1000954169
27
25
-95.2484890000 50.3455526302
-95.4834140000 50.3423386156
-95.4828800000 50.1505847822
-95.3972400000 50.1090715805
-95.3987200000 50.0957582775
-95.3601910000 50.0736933860
-95.3142240000 50.0643821125
-95.2929920000 50.0206984684
-95.2444080000 50.0294521654
-95.0886460000 49.9051677294
-95.0987850000 49.8960469367
-95.0324630000 49.8733988713
-94.9690250000 49.8423171330
-94.8805470000 49.8184161479
-94.8658220000 49.7922971678
-94.8147510000 49.7723507316
-94.8061290000 49.7470101176
-94.7809450000 49.7341886450
-94.6242370000 49.7335301819
-94.6297530000 50.0871367530
-94.6297680000 50.0995268754
-94.4980770000 50.1000954169
-94.5023350000 50.3468343192
-94.7582020000 50.3464898986
-95.2484890000 50.3455526302
27
6
-94.8544310000 48.8858620252
-94.8593600000 48.8857926944
-95.4524990000 48.8854543611
-95.4544370000 48.4056136064
-94.8544460000 48.4055446757
-94.8544310000 48.8858620252
27
17
-96.4515610000 50.2243451856
-95.8551030000 50.2241084006
-95.8477780000 50.3378742119
-95.7375410000 50.3457248383
-95.7370150000 50.4087168298
-95.7612610000 50.4193448153
-95.8104250000 50.4327931978
-95.8259050000 50.4880089143
-95.8820340000 50.5460003230
-96.0008850000 50.6603493430
-96.0366970000 50.7145251691
-96.1036150000 50.7492278876
-96.2221600000 50.8111264434
-96.2746120000 50.8144301120
-96.2908940000 50.8517267947
-96.4529500000 50.8802008340
-96.4515610000 50.2243451856
27
3
-96.4530640000 50.9216761543
-96.4539640000 50.9266221549
-96.4530640000 50.9216761543
27
20
-95.4828800000 50.1505847822
-95.4834140000 50.3423386156
-95.2484890000 50.3455526302
-95.2465520000 50.7147747349
-96.0366970000 50.7145251691
-96.0008850000 50.6603493430
-95.8820340000 50.5460003230
-95.8259050000 50.4880089143
-95.8104250000 50.4327931978
-95.7612610000 50.4193448153
-95.7370150000 50.4087168298
-95.7203140000 50.3671916099
-95.6794740000 50.3701369223
-95.5990450000 50.2774715153
-95.5353090000 50.2353888698
-95.5437390000 50.2216024686
-95.4976810000 50.2004277490
-95.5301590000 50.1768835829
-95.4949340000 50.1739058272
-95.4828800000 50.1505847822
27
24
-92.6787190000 49.3691496553
-92.5508730000 49.3677451360
-92.5506060000 49.6105003973
-92.5326920000 49.6103996783
-92.4305730000 49.6109284545
-92.4298400000 49.7319919208
-92.2420120000 49.7308263359
-92.2923280000 49.7766917407
-92.3326800000 49.8686822505
-92.5479660000 49.8901190380
-92.5694050000 49.9403492535
-92.6225360000 49.9578136511
-92.6250690000 49.9945034507
-92.7323150000 50.0953333010
-92.7324980000 49.9815404870
-92.7844010000 49.9769356456
-92.7928010000 49.9770803773
-92.7920990000 49.8580094631
-92.9135060000 49.8560451262
-92.9315030000 49.8131193231
-93.0386350000 49.8159436926
-93.0392070000 49.7552580586
-93.0409320000 49.3706072006
-92.6787190000 49.3691496553
27
2
-91.7721560000 53.3007710408
-91.7721560000 53.3007710408
27
2
-91.2456210000 53.8099253348
-91.2456210000 53.8099253348
27
31
-91.0317610000 55.1410056203
-91.1401140000 55.0912124189
-91.1379010000 55.0829624001
-91.2631760000 54.9781380115
-91.4271550000 54.9335061072
-91.4465790000 54.9595889955
-91.4880680000 54.9606679307
-91.5669480000 54.9241421814
-91.5700150000 54.9965941820
-91.5529630000 55.0129133675
-91.6347200000 55.0053679906
-91.6522060000 55.0289559278
-91.6874540000 55.0257851903
-91.6828770000 55.0407428709
-91.7038960000 55.0287267677
-91.7052840000 55.1018844955
-91.7243420000 55.1139000368
-91.7119520000 55.1521136617
-91.7982480000 55.1625751392
-91.7939830000 53.2905457669
-91.7018430000 53.3881305752
-91.6368100000 53.4192506033
-91.6347200000 53.4421882169
-91.5694660000 53.5134325979
-91.4651640000 53.5729536993
-91.3149490000 53.7400114098
-91.2876970000 53.7458788821
-91.1559750000 53.9364971899
-91.0231480000 54.0632987981
-91.0219040000 54.6916908371
-91.0317610000 55.1410056203
27
2
-91.2388530000 53.8156108070
-91.2388530000 53.8156108070
27
2
-91.3245090000 53.7277799664
-91.3245090000 53.7277799664
27
2
-91.3482970000 53.6978560690
-91.3482970000 53.6978560690
27
2
-91.5522000000 53.5090336429
-91.5522000000 53.5090336429
27
2
-91.3247760000 53.7260037384
-91.3247760000 53.7260037384
27
2
-91.2455440000 53.8057691277
-91.2455440000 53.8057691277
27
35
-95.3229450000 56.3661611031
-95.3177340000 56.2955831100
-95.3050380000 56.2860570732
-95.3229980000 56.2723852777
-95.2993620000 56.2209386468
-95.2252660000 56.1881114154
-95.1355820000 56.2095251546
-95.0912250000 56.2450384110
-95.0954280000 55.9318275306
-95.3422550000 55.9311167461
-95.3425370000 55.6704118320
-95.2118760000 55.6645231692
-95.2102580000 55.4077028880
-94.4287030000 55.4097469564
-94.4302750000 55.9136947464
-94.5376890000 55.9159948224
-94.6408540000 55.9745868136
-94.6909560000 56.0308853627
-94.7025600000 56.1091456224
-94.6892780000 56.1344849003
-94.6859820000 56.2071690439
-94.7191010000 56.3680267657
-94.7502210000 56.3680267657
-94.7502210000 56.5202540669
-94.7737810000 56.5557143872
-94.7972410000 56.6953658852
-94.8242870000 56.8402479541
-94.8162230000 56.8588918871
-94.8368760000 56.8636141926
-94.9729460000 56.9309445194
-95.0795210000 56.9165539789
-95.1533510000 56.9542113435
-95.1537090000 56.3663638240
-95.2502370000 56.3661717726
-95.3229450000 56.3661611031
27
19
-92.8410490000 51.5380556136
-93.1417920000 51.5391443835
-93.1419750000 51.2921539615
-93.1252210000 51.2922410813
-93.0221790000 51.2866084801
-93.0192950000 51.0834193998
-93.0191190000 50.9199133531
-92.7456820000 50.9187419646
-92.6989670000 50.9760931721
-92.7009050000 51.0100020455
-92.6502840000 51.0649031920
-92.6466520000 51.1261796357
-92.7270740000 51.2310819644
-92.7260820000 51.2678812094
-92.7471080000 51.2860029704
-92.8849560000 51.3217372891
-92.8892590000 51.4116384074
-92.8683780000 51.5215926389
-92.8410490000 51.5380556136
27
9
-94.2559050000 50.4699510373
-94.2608180000 50.9016024028
-94.3765720000 50.8996936524
-94.3835530000 50.9623435928
-94.7634280000 50.9614916114
-94.7582020000 50.3464898986
-94.5023350000 50.3468343192
-94.5002670000 50.4702860866
-94.2559050000 50.4699510373
27
6
-96.0644680000 48.8874857685
-96.0637820000 49.3705695413
-96.0787200000 49.3706978622
-96.4527740000 49.3710758523
-96.4532620000 48.8880945072
-96.0644680000 48.8874857685
27
8
-96.0787200000 49.3706978622
-96.0802310000 49.8557069844
-96.0829470000 49.8558683381
-96.0930100000 49.8562808441
-96.0928960000 49.9781202046
-96.4517590000 49.9790855697
-96.4527740000 49.3710758523
-96.0787200000 49.3706978622
27
21
-96.1036150000 50.7492278876
-96.1037450000 50.8343089276
-96.1173480000 50.8389087312
-96.1169430000 51.0837071468
-96.2412950000 51.0950811004
-96.2474590000 51.3312102591
-96.2531200000 51.3312102591
-96.8354490000 51.3321804802
-96.7631680000 51.2370703279
-96.7314000000 51.1479090079
-96.6866380000 51.0855547351
-96.6177290000 51.0781860027
-96.5204850000 51.0310153239
-96.4879230000 51.0030201838
-96.4539640000 50.9266221549
-96.4530640000 50.9216761543
-96.4529500000 50.8802008340
-96.2908940000 50.8517267947
-96.2746120000 50.8144301120
-96.2221600000 50.8111264434
-96.1036150000 50.7492278876
27
16
-94.3690410000 49.2480502751
-94.3689500000 48.8855070523
-94.2470780000 48.8855444907
-93.7677610000 48.8858134937
-93.7679670000 49.3695959822
-93.7678220000 49.4253808260
-94.0118330000 49.4300929213
-94.0257640000 49.3939202812
-94.0036320000 49.3325563027
-94.0472950000 49.3118181902
-94.1040340000 49.3344398171
-94.1252370000 49.3535395008
-94.2231520000 49.3846972086
-94.2470700000 49.4030592732
-94.3717350000 49.4652160406
-94.3690410000 49.2480502751
27
34
-94.0118330000 49.4300929213
-94.0219880000 49.4335811068
-94.0089950000 49.4460526863
-94.0249630000 49.4567947836
-93.9326860000 49.5777634473
-93.9568180000 49.6006235294
-93.9529270000 49.6375493311
-93.9654850000 49.6412548617
-93.9383090000 49.6779413843
-93.9293820000 49.7341662292
-94.6242370000 49.7335301819
-94.7809450000 49.7341886450
-94.7864690000 49.7268561872
-94.6950380000 49.6938486516
-94.7006760000 49.6716344996
-94.6855930000 49.6693918577
-94.6971050000 49.6646239979
-94.6705400000 49.6595666745
-94.6757740000 49.6498070492
-94.5209880000 49.6086119365
-94.4919740000 49.5990346132
-94.4419400000 49.5383054385
-94.4532010000 49.5421183014
-94.4317700000 49.5288802655
-94.4315870000 49.5047073557
-94.3717350000 49.4652160406
-94.2470700000 49.4030592732
-94.2231520000 49.3846972086
-94.1252370000 49.3535395008
-94.1040340000 49.3344398171
-94.0472950000 49.3118181902
-94.0036320000 49.3325563027
-94.0257640000 49.3939202812
-94.0118330000 49.4300929213
27
6
-96.0644680000 48.8874857685
-96.4532620000 48.8880945072
-96.4530490000 48.4060230555
-96.0529480000 48.4051393648
-96.0521240000 48.8874483292
-96.0644680000 48.8874857685
27
10
-93.4066310000 49.3702501345
-93.0459060000 49.3706072006
-93.0409320000 49.3706072006
-93.0392070000 49.7552580586
-93.2818530000 49.7553491465
-93.2817150000 49.7758899612
-93.2814180000 49.8564618422
-93.5243300000 49.8559006089
-93.5252300000 49.3697926458
-93.4066310000 49.3702501345
27
14
-92.0792920000 48.8845918947
-92.0794910000 49.2457662526
-92.2994690000 49.2463024351
-92.3190540000 49.2462815448
-92.3195800000 49.3481359792
-92.3196330000 49.3675693985
-92.5508730000 49.3677451360
-92.6787190000 49.3691496553
-92.6783450000 48.8964619975
-92.6900180000 48.8864970978
-92.6894230000 48.8698523192
-92.4490430000 48.8665514912
-92.4455410000 48.8862377990
-92.0792920000 48.8845918947
27
18
-95.5934750000 49.3694048982
-95.4624020000 49.3699153864
-95.1087800000 49.3684731957
-95.1074910000 49.4842609577
-94.8675920000 49.4902349642
-94.8658220000 49.7922971678
-94.8805470000 49.8184161479
-94.9690250000 49.8423171330
-95.0324630000 49.8733988713
-95.0987850000 49.8960469367
-95.0886460000 49.9051677294
-95.2444080000 50.0294521654
-95.2929920000 50.0206984684
-95.3142240000 50.0643821125
-95.3601910000 50.0736933860
-95.3604130000 49.8536416839
-95.5949100000 49.8541229279
-95.5934750000 49.3694048982
27
9
-93.5109250000 51.2933208036
-93.5100780000 51.0879793138
-93.0192950000 51.0834193998
-93.0221790000 51.2866084801
-93.1252210000 51.2922410813
-93.1419750000 51.2921539615
-93.1417920000 51.5391443835
-93.5138020000 51.5443363009
-93.5109250000 51.2933208036
27
15
-93.7961500000 52.2766420908
-93.8096470000 52.2765047280
-93.8103640000 52.1514947723
-93.8052600000 51.9012069106
-93.7687380000 51.8943066630
-93.7639470000 51.6701369697
-93.7596210000 51.2944376744
-93.5109250000 51.2933208036
-93.5138020000 51.5443363009
-93.5180820000 51.8994497731
-93.4446640000 51.8994051616
-93.4324950000 51.8989892685
-93.4318310000 52.1477500389
-93.4304200000 52.2758424982
-93.7961500000 52.2766420908
27
6
-93.6485370000 48.8860630848
-93.6486360000 48.4041040386
-93.0493010000 48.4041192031
-93.0497130000 48.8864860048
-93.4067460000 48.8860408989
-93.6485370000 48.8860630848
27
12
-93.2270200000 50.5491573267
-93.2277220000 50.6668367916
-93.0205150000 50.6743508656
-93.0191190000 50.9199133531
-93.0192950000 51.0834193998
-93.5100780000 51.0879793138
-93.5121380000 50.8471603480
-93.4255290000 50.8028572167
-93.3102260000 50.7001438225
-93.2799300000 50.6263178943
-93.2824250000 50.5490172329
-93.2270200000 50.5491573267
27
6
-95.1396710000 51.5794192253
-95.7585070000 51.5810159633
-95.7474820000 51.0842783704
-95.2551270000 51.0844948952
-95.1317290000 51.0843268035
-95.1396710000 51.5794192253
27
8
-95.2465520000 50.7147747349
-95.2484890000 50.3455526302
-94.7582020000 50.3464898986
-94.7634280000 50.9614916114
-94.7632060000 51.0798710795
-95.1317290000 51.0843268035
-95.2551270000 51.0844948952
-95.2465520000 50.7147747349
27
42
-94.3416820000 52.3265422048
-94.3272930000 52.3460725466
-94.3309170000 52.8396601068
-94.3453290000 52.8397256384
-94.3423840000 53.0939308688
-93.7760240000 53.0900798461
-93.7752530000 53.4231735696
-93.7750850000 53.6911162710
-93.8124240000 53.7348145797
-93.7832110000 53.7635708843
-93.7763440000 53.7887234769
-93.7889710000 53.8070282036
-93.7746810000 53.8274755523
-93.8152690000 53.8300799625
-93.8101650000 53.8186542383
-93.8897930000 53.8588271652
-93.9127660000 53.8170735266
-93.9428860000 53.8360604071
-93.9740300000 53.8757642001
-94.0356220000 53.9083177247
-94.0418850000 53.9693922837
-94.0286410000 53.9824685099
-94.0951080000 54.0825588886
-94.1091460000 54.0850712331
-94.3275300000 53.9906936214
-94.3960880000 54.0098352226
-94.4162830000 54.0335385511
-94.4163890000 53.9847633557
-94.4341890000 53.9846791264
-94.6702120000 53.9822823245
-94.6598740000 53.1016495526
-94.7869950000 53.0917847331
-94.7788160000 52.4949967872
-94.7314990000 52.4799988296
-94.7316440000 52.4583296629
-94.7224500000 52.4339918985
-94.6704250000 52.4465612255
-94.6534650000 52.4292950322
-94.5405200000 52.3638779002
-94.4265210000 52.4056222568
-94.3513110000 52.3524983387
-94.3416820000 52.3265422048
27
20
-94.4287030000 55.4097469564
-95.2102580000 55.4077028880
-95.2118760000 55.6645231692
-95.3425370000 55.6704118320
-95.6023030000 55.6683034000
-95.5937810000 55.1177386887
-95.5922850000 54.9146597485
-95.5828860000 54.8895384384
-95.2293550000 54.8884604988
-95.2725450000 54.7996562668
-95.2780080000 54.7521501243
-95.2502820000 54.6873439847
-95.1937100000 54.6649470331
-95.1832120000 53.9861553685
-94.6702120000 53.9822823245
-94.4341890000 53.9846791264
-94.4163890000 53.9847633557
-94.4162830000 54.0335385511
-94.4185410000 54.6287323391
-94.4287030000 55.4097469564
27
6
-95.7585070000 51.5810159633
-95.1396710000 51.5794192253
-95.1397320000 51.6002538590
-95.1457900000 52.0794663176
-95.7699280000 52.0806000047
-95.7585070000 51.5810159633
27
11
-96.2809750000 52.8391154683
-96.2800600000 52.3357431645
-96.2711790000 52.3330170573
-96.2653730000 52.0818822734
-95.7699280000 52.0806000047
-95.1457900000 52.0794663176
-95.1554570000 52.4586557435
-95.1635210000 52.9656571977
-96.1745530000 52.9661137374
-96.1723790000 52.8389421751
-96.2809750000 52.8391154683
27
11
-96.0928960000 49.9781202046
-96.0930100000 49.8562808441
-96.0829470000 49.8558683381
-96.0802310000 49.8557069844
-96.0787200000 49.3706978622
-96.0637820000 49.3705695413
-95.5934750000 49.3694048982
-95.5949100000 49.8541229279
-95.6043320000 49.8545031548
-95.6039660000 49.9703218227
-96.0928960000 49.9781202046
27
45
-96.5008090000 55.1194541483
-95.5937810000 55.1177386887
-95.6023030000 55.6683034000
-96.3878330000 55.6764837162
-97.1631010000 55.6759142678
-97.1413960000 55.6632379635
-97.1547930000 55.6461653533
-97.1276090000 55.6420465113
-97.1499480000 55.6277938290
-97.1312410000 55.5940288480
-97.1624760000 55.5772628199
-97.1285480000 55.5720389908
-97.1477810000 55.5675787293
-97.1288760000 55.5517052032
-97.1506350000 55.5204353152
-97.1248250000 55.5220633259
-97.1455540000 55.5073491752
-97.1223680000 55.4876940219
-97.1548460000 55.4852395540
-97.1312940000 55.4723778615
-97.1631320000 55.4493551446
-97.1338200000 55.4330182578
-97.1562730000 55.4080415554
-97.1259230000 55.3694897462
-97.1423110000 55.3490502076
-97.1155780000 55.3444434895
-97.1380770000 55.3250766423
-97.1122280000 55.3031593108
-97.1383060000 55.2937848318
-97.1166150000 55.2791549965
-97.1443710000 55.2629564771
-97.1230550000 55.2517197387
-97.1244890000 55.2343931468
-97.1467440000 55.2250555908
-97.1341250000 55.2178332037
-97.1445850000 55.2097062027
-97.1206440000 55.1963622497
-97.1521760000 55.1889474424
-97.1179050000 55.1741950046
-97.1389540000 55.1839090838
-97.1291960000 55.1731986043
-97.1491550000 55.1378587587
-97.1366810000 55.1295857372
-97.1467060000 55.1181225645
-96.5008090000 55.1194541483
27
39
-96.3878330000 55.6764837162
-96.3874820000 55.9382279206
-96.4049840000 55.9381991229
-96.4054110000 56.3680160959
-97.2332230000 56.3656962188
-97.2343670000 56.2886820958
-97.2122730000 56.2261219085
-97.1899340000 56.2087478886
-97.1999890000 56.1885052642
-97.1778030000 56.1777230573
-97.1905520000 56.1620990962
-97.1738130000 56.1229324371
-97.1903920000 56.0868899341
-97.1580730000 56.0795052112
-97.1815950000 56.0630208661
-97.1626590000 56.0639363164
-97.1742100000 56.0562866478
-97.1478730000 56.0365474035
-97.1585010000 56.0281372013
-97.1287610000 55.9621579835
-97.1376950000 55.9536331932
-97.1113820000 55.9263308686
-97.1201630000 55.9179025138
-97.0899580000 55.8895723706
-97.1057430000 55.8598733781
-97.1084670000 55.8101646802
-97.1304470000 55.8098181755
-97.1183240000 55.7907098934
-97.1501080000 55.7793999828
-97.1349640000 55.7731338911
-97.1535340000 55.7542192504
-97.1418690000 55.7434620124
-97.1600420000 55.7328121003
-97.1483610000 55.7248373540
-97.1754300000 55.7036454419
-97.1391140000 55.6933515848
-97.1645510000 55.6911609384
-97.1631010000 55.6759142678
-96.3878330000 55.6764837162
27
7
-93.0457920000 48.8864333130
-92.6900180000 48.8864970978
-92.6783450000 48.8964619975
-92.6787190000 49.3691496553
-93.0409320000 49.3706072006
-93.0459060000 49.3706072006
-93.0457920000 48.8864333130
27
7
-95.4624020000 49.3699153864
-95.5934750000 49.3694048982
-96.0637820000 49.3705695413
-96.0644680000 48.8874857685
-96.0521240000 48.8874483292
-95.4627000000 48.8855181451
-95.4624020000 49.3699153864
27
9
-95.1832120000 53.9861553685
-95.1801680000 53.8570877827
-95.1696470000 53.8344852418
-95.1691740000 53.6025092083
-95.1628110000 53.0929271888
-94.7869950000 53.0917847331
-94.6598740000 53.1016495526
-94.6702120000 53.9822823245
-95.1832120000 53.9861553685
27
6
-94.8544460000 48.4055446757
-94.2477110000 48.4051352290
-94.2470780000 48.8855444907
-94.3689500000 48.8855070523
-94.8544310000 48.8858620252
-94.8544460000 48.4055446757
27
28
-93.0884400000 55.8025116809
-93.2895130000 55.8164156527
-93.3481830000 55.8007218553
-93.3751450000 55.7686225629
-93.4648210000 55.7475984183
-93.4572750000 55.6986139251
-93.4694290000 55.6779715524
-93.6128460000 55.6427259237
-93.6295170000 55.6566144375
-93.6623380000 55.6334139690
-93.7974400000 55.6374100597
-93.8183750000 55.6617005778
-93.8079830000 55.7309785605
-93.8440090000 55.8052305412
-94.2335740000 55.8399487764
-94.2546460000 55.8574356998
-94.2632980000 55.9095614509
-94.2907330000 55.9238728810
-94.4302750000 55.9136947464
-94.4287030000 55.4097469564
-94.4185410000 54.6287323391
-93.7852400000 54.6296636127
-93.7762220000 54.6296069909
-93.7757870000 54.7064659996
-93.0811610000 54.6973801406
-93.0889820000 54.9603880945
-93.0964890000 54.9602399463
-93.0884400000 55.8025116809
27
14
-95.7095110000 54.7629335517
-95.7139820000 54.8054565814
-96.4826580000 54.8042767704
-96.4819790000 54.6311357929
-96.4707180000 54.6314144374
-96.3528370000 54.6307886062
-96.3526540000 54.6116301908
-96.3518220000 54.5016286372
-96.3422700000 54.5014575655
-95.8370590000 54.5058668744
-95.8365630000 54.6323129612
-95.7091060000 54.6328240664
-95.7091830000 54.6541996369
-95.7095110000 54.7629335517
27
25
-94.3717350000 49.4652160406
-94.4315870000 49.5047073557
-94.4317700000 49.5288802655
-94.4532010000 49.5421183014
-94.4419400000 49.5383054385
-94.4919740000 49.5990346132
-94.5209880000 49.6086119365
-94.6757740000 49.6498070492
-94.6705400000 49.6595666745
-94.6971050000 49.6646239979
-94.6855930000 49.6693918577
-94.7006760000 49.6716344996
-94.6950380000 49.6938486516
-94.7864690000 49.7268561872
-94.7809450000 49.7341886450
-94.8061290000 49.7470101176
-94.8147510000 49.7723507316
-94.8658220000 49.7922971678
-94.8675920000 49.4902349642
-95.1074910000 49.4842609577
-95.1087800000 49.3684731957
-95.1003420000 49.2525029084
-94.8598860000 49.2470893067
-94.3690410000 49.2480502751
-94.3717350000 49.4652160406
27
21
-93.9293820000 49.7341662292
-93.9383090000 49.6779413843
-93.9654850000 49.6412548617
-93.9529270000 49.6375493311
-93.9568180000 49.6006235294
-93.9326860000 49.5777634473
-94.0249630000 49.4567947836
-94.0089950000 49.4460526863
-94.0219880000 49.4335811068
-94.0118330000 49.4300929213
-93.7678220000 49.4253808260
-93.7679670000 49.3695959822
-93.5252300000 49.3697926458
-93.5243300000 49.8559006089
-93.9108430000 49.8554768804
-93.8880770000 49.8319675970
-93.8873370000 49.8048234773
-93.9071960000 49.7577973475
-93.9269180000 49.7521359063
-93.9168620000 49.7429102784
-93.9293820000 49.7341662292
27
33
-94.4185410000 54.6287323391
-94.4162830000 54.0335385511
-94.3960880000 54.0098352226
-94.3275300000 53.9906936214
-94.1091460000 54.0850712331
-94.0951080000 54.0825588886
-94.0286410000 53.9824685099
-94.0418850000 53.9693922837
-94.0356220000 53.9083177247
-93.9740300000 53.8757642001
-93.9428860000 53.8360604071
-93.9127660000 53.8170735266
-93.8897930000 53.8588271652
-93.8101650000 53.8186542383
-93.8152690000 53.8300799625
-93.7746810000 53.8274755523
-93.7889710000 53.8070282036
-93.7763440000 53.7887234769
-93.7832110000 53.7635708843
-93.8124240000 53.7348145797
-93.7750850000 53.6911162710
-93.7752530000 53.4231735696
-93.0559460000 53.4173038639
-93.0561900000 53.5389587632
-93.0662460000 53.5390145961
-93.0660710000 53.5619697141
-93.0646970000 54.4418122815
-93.0824660000 54.4530222844
-93.0811610000 54.6973801406
-93.7757870000 54.7064659996
-93.7762220000 54.6296069909
-93.7852400000 54.6296636127
-94.4185410000 54.6287323391
27
6
-93.0615310000 53.0369984955
-93.0548480000 52.5316272390
-92.2928620000 52.5286550415
-92.2921910000 52.8863251350
-92.3016280000 53.0240851705
-93.0615310000 53.0369984955
27
16
-95.1832120000 53.9861553685
-95.1937100000 54.6649470331
-95.2502820000 54.6873439847
-95.2780080000 54.7521501243
-95.2725450000 54.7996562668
-95.2293550000 54.8884604988
-95.5828860000 54.8895384384
-95.5821530000 54.7601901646
-95.5784230000 54.3724893188
-95.5532910000 54.3705913798
-95.5542220000 54.1156460776
-95.5511860000 53.6009446312
-95.1691740000 53.6025092083
-95.1696470000 53.8344852418
-95.1801680000 53.8570877827
-95.1832120000 53.9861553685
27
10
-95.1635210000 52.9656571977
-95.1628110000 53.0929271888
-95.1691740000 53.6025092083
-95.5511860000 53.6009446312
-96.0670470000 53.6012872474
-96.1946640000 53.6004123293
-96.1892010000 53.3456778449
-96.1740190000 53.3264580183
-96.1745530000 52.9661137374
-95.1635210000 52.9656571977
27
17
-93.8103640000 52.1514947723
-94.3747330000 52.1533065706
-94.3666460000 52.1853584112
-94.3957210000 52.2313325056
-94.3937230000 52.2574830037
-94.3416820000 52.3265422048
-94.3513110000 52.3524983387
-94.4265210000 52.4056222568
-94.5405200000 52.3638779002
-94.6534650000 52.4292950322
-94.6439900000 51.6009922162
-94.2717740000 51.6028144823
-94.3512880000 51.6699561661
-93.7639470000 51.6701369697
-93.7687380000 51.8943066630
-93.8052600000 51.9012069106
-93.8103640000 52.1514947723
27
13
-94.2717740000 51.6028144823
-94.2579880000 51.5537740178
-94.2149200000 51.5318427454
-94.2242890000 51.5143097878
-94.2032240000 51.4638392926
-94.1830060000 51.4648597837
-94.1979830000 51.4418067253
-94.2031710000 51.3778284266
-94.1494670000 51.2935221819
-93.7596210000 51.2944376744
-93.7639470000 51.6701369697
-94.3512880000 51.6699561661
-94.2717740000 51.6028144823
27
8
-95.4627000000 48.8855181451
-95.4524990000 48.8854543611
-94.8593600000 48.8857926944
-94.8598860000 49.2470893067
-95.1003420000 49.2525029084
-95.1087800000 49.3684731957
-95.4624020000 49.3699153864
-95.4627000000 48.8855181451
27
11
-96.5008090000 55.1194541483
-96.5003360000 54.8912787223
-96.4826200000 54.8890659970
-96.4826580000 54.8042767704
-95.7139820000 54.8054565814
-95.7095110000 54.7629335517
-95.5821530000 54.7601901646
-95.5828860000 54.8895384384
-95.5922850000 54.9146597485
-95.5937810000 55.1177386887
-96.5008090000 55.1194541483
27
5
-96.0675050000 54.1139690331
-96.0670470000 53.6012872474
-95.5511860000 53.6009446312
-95.5542220000 54.1156460776
-96.0675050000 54.1139690331
27
10
-93.5138020000 51.5443363009
-93.1417920000 51.5391443835
-93.1431730000 51.8938447491
-93.0623630000 51.8985546697
-93.0538710000 52.1537079148
-93.4318310000 52.1477500389
-93.4324950000 51.8989892685
-93.4446640000 51.8994051616
-93.5180820000 51.8994497731
-93.5138020000 51.5443363009
27
12
-93.0205150000 50.6743508656
-93.2277220000 50.6668367916
-93.2270200000 50.5491573267
-93.2105260000 50.5494389300
-93.2017750000 50.3759925660
-93.1781230000 50.3412673057
-93.0943150000 50.3903969601
-93.0524140000 50.3851715412
-93.0194170000 50.3445137428
-92.9838100000 50.3511481703
-92.9900210000 50.6740645754
-93.0205150000 50.6743508656
27
9
-96.2539830000 51.5807149600
-95.7585070000 51.5810159633
-95.7699280000 52.0806000047
-96.2653730000 52.0818822734
-96.2656780000 51.9568480530
-96.2661440000 51.8322730027
-96.2566380000 51.8320055595
-96.2536770000 51.8315382551
-96.2539830000 51.5807149600
27
14
-93.7760240000 53.0900798461
-93.7779010000 52.7822898729
-93.8111110000 52.7713271702
-93.8107220000 52.3389613650
-93.8104860000 52.2885675324
-93.7961500000 52.2766420908
-93.4304200000 52.2758424982
-93.4318310000 52.1477500389
-93.0538710000 52.1537079148
-93.0548480000 52.5316272390
-93.0615310000 53.0369984955
-93.0559460000 53.4173038639
-93.7752530000 53.4231735696
-93.7760240000 53.0900798461
27
29
-93.1781230000 50.3412673057
-93.2017750000 50.3759925660
-93.2105260000 50.5494389300
-93.2270200000 50.5491573267
-93.2824250000 50.5490172329
-93.2799300000 50.6263178943
-93.3102260000 50.7001438225
-93.4255290000 50.8028572167
-93.5121380000 50.8471603480
-93.5213320000 50.8484386430
-93.5286790000 50.8141646210
-93.5434650000 50.8278037562
-93.5895840000 50.8035882816
-93.6570280000 50.7785314369
-93.6390460000 50.7329738474
-93.7010500000 50.6915287173
-93.7385410000 50.6131998961
-93.7617570000 50.6134109116
-93.7668080000 50.5802952877
-93.7664410000 50.4678262636
-93.7670440000 50.3651175303
-93.7670440000 50.3447889902
-93.5230260000 50.3452138611
-93.5204320000 50.2226454231
-93.4403310000 50.2330771129
-93.3810270000 50.1967136521
-93.3295210000 50.2038996531
-93.2275240000 50.2576048212
-93.1781230000 50.3412673057
27
22
-93.5204320000 50.2226454231
-93.5230260000 50.3452138611
-93.7670440000 50.3447889902
-93.7670440000 50.3651175303
-93.7664410000 50.4678262636
-94.0122380000 50.4688836956
-94.0102840000 50.1002783643
-93.8927460000 50.0999772050
-93.8888470000 50.0434254414
-93.7784420000 50.0385007026
-93.7680360000 50.0385007026
-93.7680360000 49.9918879253
-93.7558060000 49.9856691865
-93.7596360000 49.9970670562
-93.7152180000 50.0165637771
-93.7209550000 50.0251230031
-93.6185070000 50.0870185598
-93.6329120000 50.1126578191
-93.6095350000 50.1540334365
-93.6210330000 50.1652985567
-93.5778120000 50.2092317944
-93.5204320000 50.2226454231
27
18
-93.8103640000 52.1514947723
-93.8096470000 52.2765047280
-93.7961500000 52.2766420908
-93.8104860000 52.2885675324
-93.8107220000 52.3389613650
-93.8111110000 52.7713271702
-93.7779010000 52.7822898729
-93.7760240000 53.0900798461
-94.3423840000 53.0939308688
-94.3453290000 52.8397256384
-94.3309170000 52.8396601068
-94.3272930000 52.3460725466
-94.3416820000 52.3265422048
-94.3937230000 52.2574830037
-94.3957210000 52.2313325056
-94.3666460000 52.1853584112
-94.3747330000 52.1533065706
-93.8103640000 52.1514947723
