20
Wagoner County
-95.5448270000 38.5967325686
Garfield County
-97.8301250000 39.1160525134
Kay County
-97.1661080000 39.5958707677
Pittsburg County
-95.7143000000 37.3312085372
Rogers County
-95.6323320000 39.0377302573
Payne County
-96.9555020000 38.7251076343
Muskogee County
-95.3671340000 38.2465051804
Creek County
-96.3022980000 38.5994855388
Osage County
-96.3509650000 39.3416963289
Le Flore County
-94.6778230000 37.3759489736
Tulsa County
-95.9389990000 38.7874744106
Delaware County
-94.8158690000 39.2134432127
Comanche County
-98.4234600000 36.9589230842
Cleveland County
-97.4203150000 37.7048906672
Washington County
-95.9381400000 39.5378403794
Stephens County
-97.9404090000 36.7986881026
Carter County
-97.2201000000 36.4507131070
Oklahoma County
-97.4965250000 38.0289282023
Sequoyah County
-94.7888970000 37.9978244374
Grady County
-97.9024170000 37.4663328407
77
40
49
-95.7620470000 36.0381870650
-95.8408200000 36.0399973230
-95.8797680000 36.0900949841
-95.9355010000 36.1212532979
-95.9387210000 36.3428778513
-95.9543300000 36.3710053146
-95.9915770000 36.3806724838
-96.4076390000 36.3812803376
-96.4447400000 36.3813685553
-96.4539030000 36.3813177999
-96.4538040000 36.3372281631
-96.5853580000 36.3295012679
-96.5475160000 36.2689890960
-96.5730060000 36.2422618316
-96.5778430000 36.2499459292
-96.5782240000 36.2036449105
-96.6243970000 36.2035616715
-96.5770110000 36.1484180303
-96.5961070000 36.1265173872
-96.5805890000 36.0988848337
-96.5885010000 36.0647467359
-96.6295470000 36.0058655334
-96.5731510000 35.9734711011
-96.5275420000 35.9761167837
-96.5011440000 35.9176892658
-96.4233630000 35.9219431973
-96.3508830000 35.8140178508
-96.3183750000 35.8266543703
-96.2929990000 35.9095488178
-96.2211300000 35.8870940409
-96.1725230000 35.9096823414
-96.1569370000 35.9663276163
-96.1789090000 35.9618419779
-96.1524050000 35.9712262964
-96.1492230000 35.9950273296
-96.1019210000 35.9870360594
-96.1002120000 36.0080653393
-96.0397190000 35.9985404103
-96.0294420000 36.0182125081
-96.0232390000 36.0015166302
-96.0002520000 36.0098521895
-96.0036700000 36.0376956631
-95.9851840000 36.0150756533
-95.9516070000 36.0190217238
-95.9361340000 36.0549226280
-95.8319470000 35.9927025981
-95.8205950000 36.0207617999
-95.7592540000 36.0096739847
-95.7620470000 36.0381870650
40
39
-96.9700090000 36.2768176539
-97.5607600000 36.2771315330
-97.5608440000 36.1979932567
-97.5369800000 36.1727015528
-97.5586090000 36.1720153419
-97.5608600000 36.0703681623
-97.4877170000 36.0919061570
-97.4510650000 36.0607627692
-97.4545970000 35.9864943417
-97.3737340000 35.9737972940
-97.3324580000 36.0518244041
-97.3237760000 36.0487648188
-97.3341750000 36.0180932938
-97.3099140000 36.0570403637
-97.2634660000 36.0260628915
-97.2449490000 36.0745175651
-97.2080840000 36.0889237037
-97.1825710000 36.0679140213
-97.1670910000 36.0104771128
-97.2045820000 35.9743353339
-97.1933820000 35.9029642707
-97.1638640000 35.8660569714
-97.1252900000 35.8505086031
-97.0869900000 35.8805927026
-97.0932620000 35.9530277320
-97.0479740000 35.9719653312
-97.0531310000 35.9907101849
-97.0872650000 35.9982875801
-97.0877690000 36.0144832139
-97.0238950000 36.0036019617
-96.9850010000 36.0560393125
-96.9915770000 36.1332090892
-96.9799270000 36.1387040612
-96.9748690000 36.1142501994
-96.9348370000 36.1364194770
-96.9347840000 36.1994709803
-96.9588390000 36.2068152809
-96.9697190000 36.2070360524
-96.9700090000 36.2768176539
40
5
-94.5628050000 38.8332799186
-94.7972790000 38.8328303029
-94.8072970000 38.1874453520
-94.4726490000 38.1873887512
-94.5628050000 38.8332799186
40
24
-94.9278640000 37.4759491687
-94.9278110000 37.3438643362
-94.9979630000 37.3341936194
-94.9977340000 37.2292678039
-95.0156100000 37.2280772042
-95.0595090000 37.2279480305
-95.0596160000 37.0157889313
-94.9377590000 37.0148002884
-94.9376070000 36.8045989208
-94.4611510000 36.8052930490
-94.4326860000 37.8707475540
-94.4861450000 37.8529046749
-94.4939650000 37.8065103367
-94.4813610000 37.7826252724
-94.4945530000 37.7730662414
-94.5948030000 37.8059673468
-94.6334300000 37.7640545648
-94.6687930000 37.7655970901
-94.6848830000 37.8051314179
-94.7564160000 37.8413181531
-94.8136290000 37.8002961609
-94.8142850000 37.6560149464
-94.9263000000 37.6523593538
-94.9278640000 37.4759491687
40
15
-95.0076220000 39.8765687165
-95.4076840000 39.8762243820
-95.4078980000 39.8053918246
-95.4317320000 39.8055544798
-95.4318850000 39.7548645410
-95.4315110000 39.3745813206
-95.3283000000 39.3672887636
-95.3280260000 39.2659153687
-95.0057140000 39.2653169260
-94.9995650000 39.4657158344
-94.9992980000 39.8060737270
-94.9931870000 39.8134673634
-95.0373540000 39.8446097645
-95.0343170000 39.8695996289
-95.0076220000 39.8765687165
40
64
-95.1564410000 36.3809298847
-95.1558840000 36.1151782934
-95.1232990000 36.1111140269
-95.1226730000 36.0769260788
-95.0769810000 36.0879850020
-95.1003490000 36.0664249392
-95.0905910000 36.0485443877
-95.0687260000 36.0920037660
-95.0725780000 36.0657442576
-95.0724110000 36.0740452669
-95.0612490000 36.0742790061
-95.0490260000 36.0275381417
-95.0086520000 36.0296324311
-94.9904630000 36.0124289688
-94.9714360000 36.0251681174
-94.9646610000 35.9957340295
-94.9446790000 35.9877619657
-94.9436650000 35.9579534594
-94.9253620000 35.9605602308
-94.9192580000 35.9834354955
-94.9219590000 35.9402842727
-94.8759990000 35.8986052769
-94.8701860000 35.9146601308
-94.8771210000 35.8939890820
-94.8224720000 35.8694466151
-94.8272780000 35.9105400246
-94.8074720000 35.8703905407
-94.7637480000 35.9022064854
-94.7582700000 35.8896028059
-94.7881010000 35.8739691191
-94.7526550000 35.8717854019
-94.7524640000 35.8469031878
-94.7356490000 35.8624005136
-94.7537990000 35.8394054334
-94.7203060000 35.8168649590
-94.7349400000 35.8484167496
-94.7011260000 35.8326053917
-94.7179260000 35.8172459415
-94.6492540000 35.8137931140
-94.6412280000 35.8300559422
-94.6452410000 35.7986839948
-94.6709290000 35.7907776134
-94.6400530000 35.7864593985
-94.6220250000 35.8091266323
-94.5968700000 35.7865374948
-94.5905460000 35.8135551580
-94.5798800000 35.7921017099
-94.5621640000 35.7928166329
-94.5883180000 35.7683390403
-94.5457230000 35.7788795292
-94.5703660000 35.7454021131
-94.5232540000 35.7594031715
-94.5351720000 35.7353273759
-94.5222240000 35.7296293207
-94.5175480000 35.7495852968
-94.4930650000 35.7394368951
-94.4871060000 35.7550598421
-94.4611510000 36.8052930490
-94.9376070000 36.8045989208
-95.0467610000 36.7963631864
-95.0465850000 36.4856879672
-95.0601880000 36.4856794993
-95.1512760000 36.4855633683
-95.1564410000 36.3809298847
40
8
-94.6180800000 39.4621963057
-94.9995650000 39.4657158344
-95.0057140000 39.2653169260
-95.0113070000 38.8333368948
-94.7972790000 38.8328303029
-94.5628050000 38.8332799186
-94.6179280000 39.2532431125
-94.6180800000 39.4621963057
40
20
-99.2951890000 39.6515129291
-99.2702180000 39.6142459856
-99.1474460000 39.6094448899
-99.0607150000 39.5207584667
-99.0228120000 39.4312030974
-98.9604640000 39.3764011209
-98.9603350000 39.2617474978
-98.8384630000 39.2531908643
-98.7853470000 39.1916522683
-98.7230450000 39.1818600076
-98.6970670000 39.1476576738
-98.5998150000 39.1177556334
-98.5335460000 39.1258356141
-98.5335620000 39.1389111110
-98.5335770000 39.2075405460
-98.5448680000 39.8759188645
-99.4562000000 39.8765111187
-99.3748020000 39.7273343451
-99.3193440000 39.6980323742
-99.2951890000 39.6515129291
40
6
-98.1040730000 39.3697585805
-98.1119840000 39.8748395439
-98.5448680000 39.8759188645
-98.5335770000 39.2075405460
-98.1046220000 39.2073366263
-98.1040730000 39.3697585805
40
24
-99.6055680000 39.3686039986
-100.0029980000 39.3691557550
-100.0036700000 39.2527019724
-100.0003970000 38.4860923578
-99.9242710000 38.5283385334
-99.9056020000 38.5549594756
-99.9105220000 38.5888114164
-99.8906710000 38.6167267321
-99.8249890000 38.6401787585
-99.8051680000 38.6171605199
-99.8091350000 38.5435443191
-99.7750780000 38.4940113533
-99.7112050000 38.4582192883
-99.6198120000 38.4381477500
-99.5577850000 38.4710658032
-99.4864120000 38.6152795509
-99.4455720000 38.6419810925
-99.3810200000 38.6491153490
-99.3821640000 38.8364359569
-99.5784990000 38.8362513976
-99.5959550000 38.8361386804
-99.5958250000 38.9385559780
-99.6047900000 38.9384667011
-99.6055680000 39.3686039986
40
5
-102.0323410000 39.2538651164
-100.9541470000 39.2526783364
-100.9455640000 39.8748633339
-102.0282060000 39.8685679568
-102.0323410000 39.2538651164
40
9
-100.0029980000 39.3691557550
-99.6055680000 39.3686039986
-99.2999340000 39.3715122762
-99.2951890000 39.6515129291
-99.3193440000 39.6980323742
-99.3748020000 39.7273343451
-99.4562000000 39.8765111187
-100.0025630000 39.8793096635
-100.0029980000 39.3691557550
40
19
-96.6206510000 38.1879387652
-96.6248700000 37.9712755244
-96.6237030000 37.8954635823
-96.6001660000 37.8907232787
-96.5874790000 37.9084466016
-96.5356520000 37.8835396492
-96.5698390000 37.9443483351
-96.5456700000 37.9650841376
-96.4975430000 37.9294178643
-96.4756090000 37.9721325028
-96.4414520000 37.9771713917
-96.4413910000 37.7595533215
-95.9813770000 37.7593107454
-95.9813080000 37.8658673928
-96.0799640000 37.8660170197
-96.0878370000 38.0800115874
-96.1911850000 38.0808314082
-96.1925660000 38.1880421239
-96.6206510000 38.1879387652
40
18
-97.1412350000 37.9729195053
-97.1418230000 37.8658588076
-97.1422650000 37.3214939126
-97.0876080000 37.3212389835
-97.0171510000 37.2921983928
-96.9305880000 37.3612854537
-96.8830720000 37.3146781368
-96.8134540000 37.3372324685
-96.7977140000 37.2890353163
-96.7756810000 37.2827289718
-96.7763750000 37.9083668482
-96.7401660000 37.9046135995
-96.7216640000 37.9244795843
-96.7197270000 37.9090883127
-96.6522670000 37.8841762920
-96.6237030000 37.8954635823
-96.6248700000 37.9712755244
-97.1412350000 37.9729195053
40
58
-99.6669010000 37.0691912872
-99.6736760000 36.8048161387
-99.8445820000 36.8046353260
-99.7640000000 36.7092828258
-99.6945270000 36.6485821399
-99.6627040000 36.6430814470
-99.5985570000 36.6452126272
-99.5670170000 36.6971611162
-99.4624630000 36.6642328788
-99.4349210000 36.6393886381
-99.4241490000 36.6577934392
-99.4012220000 36.6437793158
-99.3872910000 36.6888941149
-99.3948290000 36.7265071425
-99.3689350000 36.7458531319
-99.3183590000 36.6850420680
-99.2609710000 36.6786158510
-99.2744140000 36.6560097600
-99.2428890000 36.6408582340
-99.2298580000 36.6029402614
-99.2108230000 36.5984399336
-99.1920550000 36.6149017358
-99.2202530000 36.6447776641
-99.2087170000 36.6637663268
-99.2282560000 36.6594583962
-99.2378390000 36.7039825060
-99.2244570000 36.7000753342
-99.2148900000 36.7745229892
-99.2220540000 36.7854673707
-99.1961060000 36.8501363031
-99.1714710000 36.8529153096
-99.1848450000 36.8691028117
-99.1639330000 36.9025107893
-99.0830990000 36.9060467941
-99.0918660000 36.9321704236
-99.0795590000 36.9418353173
-99.1031490000 36.9638186840
-99.0946810000 37.0031391697
-99.0370940000 37.0236655877
-99.0525130000 37.0411102523
-99.1019060000 37.0336360298
-99.1584010000 37.0511663595
-99.1729580000 37.1049307321
-99.1509170000 37.1137394651
-99.1655120000 37.1456445696
-99.1495670000 37.1543959871
-99.1536940000 37.1936789991
-99.1445160000 37.2210764715
-99.1906660000 37.2318013789
-99.2123570000 37.1932331378
-99.2464600000 37.1878561577
-99.2464290000 37.1778521357
-99.3988570000 37.1767608039
-99.4056630000 37.1321420695
-99.4403760000 37.1147789879
-99.4420550000 37.0738184820
-99.4231340000 37.0697801689
-99.6669010000 37.0691912872
40
44
-96.2682880000 38.8335635615
-96.0013580000 38.8320933342
-96.0011750000 39.1582753935
-96.0008090000 39.8757460722
-96.7498400000 39.8759088475
-96.7525100000 39.6221492760
-96.7524640000 39.6046627637
-96.8157960000 39.5865702595
-96.8246690000 39.5605211625
-96.8876110000 39.5672817636
-96.9311600000 39.4853604928
-97.0314640000 39.5045464408
-97.0584180000 39.4876712334
-97.0438230000 39.3784638521
-97.0574110000 39.3697162331
-97.0016780000 39.3560950490
-96.9153210000 39.3775894280
-96.8882140000 39.3445091586
-96.9026410000 39.3170966032
-97.0003130000 39.2860779694
-97.0097890000 39.2617761124
-96.9810260000 39.2104862386
-96.9338230000 39.1987761194
-96.8721080000 39.2196795172
-96.7952270000 39.3207477566
-96.7517010000 39.3292294738
-96.7059860000 39.2339070142
-96.7171250000 39.1851790959
-96.6969600000 39.1639749464
-96.6334530000 39.1593752592
-96.5870360000 39.0964892846
-96.5397870000 39.1295180435
-96.5237500000 39.1157841909
-96.5206830000 39.0882888123
-96.5723420000 39.0439142593
-96.5668110000 39.0150531742
-96.5152280000 39.0025986774
-96.4834210000 39.0433742915
-96.4610750000 39.0464614582
-96.4249570000 38.9779748346
-96.3386080000 38.9173302145
-96.2524640000 38.9081086222
-96.2439650000 38.8769050141
-96.2682880000 38.8335635615
40
6
-98.2071610000 38.2939828544
-97.6739200000 38.2950249533
-97.6757130000 38.8368843505
-98.1038440000 38.8371494240
-98.2105410000 38.8371680039
-98.2071610000 38.2939828544
40
9
-98.6368640000 38.8371729586
-98.6321030000 38.4014857822
-98.6316990000 38.0804712762
-98.6231460000 38.0804479229
-98.3132480000 38.0803532810
-98.3133770000 38.2937328015
-98.2071610000 38.2939828544
-98.2105410000 38.8371680039
-98.6368640000 38.8371729586
40
7
-96.6248700000 37.9712755244
-96.6206510000 38.1879387652
-96.6210940000 38.5608818531
-97.1405180000 38.5612486942
-97.1409990000 38.2931230695
-97.1412350000 37.9729195053
-96.6248700000 37.9712755244
40
9
-94.9995650000 39.4657158344
-94.6180800000 39.4621963057
-94.6180650000 39.8737264291
-95.0076220000 39.8765687165
-95.0343170000 39.8695996289
-95.0373540000 39.8446097645
-94.9931870000 39.8134673634
-94.9992980000 39.8060737270
-94.9995650000 39.4657158344
40
6
-100.0029980000 39.3691557550
-100.0025630000 39.8793096635
-100.9455640000 39.8748633339
-100.9541470000 39.2526783364
-100.0036700000 39.2527019724
-100.0029980000 39.3691557550
40
30
-96.4907840000 37.2956822823
-96.4852520000 37.5463664529
-96.4414060000 37.5493139648
-96.4413910000 37.7595533215
-96.4414520000 37.9771713917
-96.4756090000 37.9721325028
-96.4975430000 37.9294178643
-96.5456700000 37.9650841376
-96.5698390000 37.9443483351
-96.5356520000 37.8835396492
-96.5874790000 37.9084466016
-96.6001660000 37.8907232787
-96.6237030000 37.8954635823
-96.6522670000 37.8841762920
-96.7197270000 37.9090883127
-96.7216640000 37.9244795843
-96.7401660000 37.9046135995
-96.7763750000 37.9083668482
-96.7756810000 37.2827289718
-96.7502980000 37.2744028154
-96.7288890000 37.2309507535
-96.6941830000 37.2443727088
-96.6875920000 37.2737334853
-96.7118760000 37.3008552954
-96.6975480000 37.3208937934
-96.6656110000 37.3175297775
-96.6351930000 37.2811743945
-96.5578920000 37.3008040761
-96.5270840000 37.2457024492
-96.4907840000 37.2956822823
40
15
-98.5335770000 39.2075405460
-98.5335620000 39.1389111110
-98.5335460000 39.1258356141
-98.5998150000 39.1177556334
-98.6970670000 39.1476576738
-98.7230450000 39.1818600076
-98.7853470000 39.1916522683
-98.8384630000 39.2531908643
-98.9603350000 39.2617474978
-98.9558640000 38.8330532526
-98.6368640000 38.8371729586
-98.2105410000 38.8371680039
-98.1038440000 38.8371494240
-98.1046220000 39.2073366263
-98.5335770000 39.2075405460
40
25
-100.0003970000 38.4860923578
-100.0003890000 37.9217025238
-99.5757140000 37.9209073393
-99.5757450000 37.9387293531
-99.5756000000 38.0280412475
-99.5584560000 38.0279896520
-99.3640980000 38.0278864612
-99.3639830000 38.0799685685
-99.3753740000 38.0806777681
-99.3760300000 38.4012564183
-99.3810200000 38.6491153490
-99.4455720000 38.6419810925
-99.4864120000 38.6152795509
-99.5577850000 38.4710658032
-99.6198120000 38.4381477500
-99.7112050000 38.4582192883
-99.7750780000 38.4940113533
-99.8091350000 38.5435443191
-99.8051680000 38.6171605199
-99.8249890000 38.6401787585
-99.8906710000 38.6167267321
-99.9105220000 38.5888114164
-99.9056020000 38.5549594756
-99.9242710000 38.5283385334
-100.0003970000 38.4860923578
40
13
-95.5145110000 37.0162802162
-95.0596160000 37.0157889313
-95.0595090000 37.2279480305
-95.0156100000 37.2280772042
-94.9977340000 37.2292678039
-94.9979630000 37.3341936194
-94.9278110000 37.3438643362
-94.9278640000 37.4759491687
-95.3494110000 37.4759540553
-95.3494340000 37.4405570534
-95.3610530000 37.4406730686
-95.5076520000 37.4397229690
-95.5145110000 37.0162802162
40
28
-95.0499340000 37.9665684144
-95.1203770000 37.8608525695
-95.1613920000 37.8555191564
-95.1414790000 37.8407050826
-95.1795200000 37.8276978455
-95.1707840000 37.7818716427
-95.1962510000 37.7773524356
-95.2269970000 37.7331515295
-95.2557220000 37.7291893558
-95.3001480000 37.7730331583
-95.3446500000 37.7632312410
-95.3875500000 37.8047710636
-95.4512480000 37.7668125042
-95.4549560000 37.6009028256
-95.3658520000 37.6005383190
-95.3493500000 37.6006594133
-95.3494110000 37.4759540553
-94.9278640000 37.4759491687
-94.9263000000 37.6523593538
-94.8142850000 37.6560149464
-94.8136290000 37.8002961609
-94.8421400000 37.8588265990
-94.9194870000 37.8351385753
-94.8923030000 37.8693628344
-94.8994750000 37.8888978808
-95.0065080000 37.9122049039
-95.0254360000 37.9598199839
-95.0499340000 37.9665684144
40
16
-98.0959630000 37.8669724296
-98.0926440000 37.2278261686
-98.0890730000 37.0162388704
-97.6684340000 37.0165209954
-97.6679990000 37.2280918277
-97.6715930000 37.8157269100
-97.7389140000 37.8017411978
-97.7746890000 37.8236853062
-97.8433760000 37.8134309605
-97.8700180000 37.8481185867
-97.8974690000 37.8276561623
-97.9427720000 37.8663641059
-97.9609680000 37.8303214696
-98.0122380000 37.8530493770
-98.0174640000 37.8714638382
-98.0959630000 37.8669724296
40
20
-97.6715470000 37.8170410066
-97.6712190000 37.8663959938
-97.6739200000 38.2950249533
-98.2071610000 38.2939828544
-98.3133770000 38.2937328015
-98.3132480000 38.0803532810
-98.3063740000 37.8826466388
-98.3063740000 37.8662978774
-98.0959630000 37.8669724296
-98.0174640000 37.8714638382
-98.0122380000 37.8530493770
-97.9609680000 37.8303214696
-97.9427720000 37.8663641059
-97.8974690000 37.8276561623
-97.8700180000 37.8481185867
-97.8433760000 37.8134309605
-97.7746890000 37.8236853062
-97.7389140000 37.8017411978
-97.6715930000 37.8157269100
-97.6715470000 37.8170410066
40
28
-98.1390690000 36.3626125375
-98.1389470000 36.5414812682
-98.1421430000 36.8047882280
-98.2440410000 36.8003626578
-98.2488780000 36.7522557184
-98.2958150000 36.7520204201
-98.2958220000 36.7344679826
-98.3241880000 36.7343285261
-98.5047380000 36.7347820636
-98.5048370000 36.7173671961
-98.5063400000 36.6997371158
-98.6093830000 36.6999916887
-98.6093750000 36.6824712899
-98.6620030000 36.6822543343
-98.6540150000 36.5944072474
-98.6095050000 36.5946433912
-98.6095200000 36.5769195937
-98.6101610000 36.3810132682
-98.5519790000 36.3518368174
-98.5609740000 36.3417858197
-98.4843060000 36.2665676156
-98.4152980000 36.2933978259
-98.3985210000 36.3450800701
-98.3803180000 36.3491729650
-98.3871150000 36.3608473147
-98.3674930000 36.3799208285
-98.1749340000 36.3296534569
-98.1390690000 36.3626125375
40
42
-99.2108230000 36.5984399336
-99.1883090000 36.4496779654
-99.1283490000 36.4556471040
-99.1278310000 36.4371313375
-99.0758360000 36.4464758650
-99.0433580000 36.4307473703
-98.9871830000 36.4583645323
-98.9678120000 36.4342065120
-98.9506680000 36.4472183370
-98.8716510000 36.3908747572
-98.8667370000 36.3715261100
-98.8297880000 36.3867113040
-98.7562560000 36.3417532038
-98.6900710000 36.3520856888
-98.6447680000 36.3901085241
-98.6101610000 36.3810132682
-98.6095200000 36.5769195937
-98.6095050000 36.5946433912
-98.6540150000 36.5944072474
-98.6620030000 36.6822543343
-98.6616670000 36.8026767445
-98.8258290000 36.8050430652
-98.8262020000 36.9106385619
-99.0003510000 36.9107867653
-99.0010680000 36.9602855150
-99.1031490000 36.9638186840
-99.0795590000 36.9418353173
-99.0918660000 36.9321704236
-99.0830990000 36.9060467941
-99.1639330000 36.9025107893
-99.1848450000 36.8691028117
-99.1714710000 36.8529153096
-99.1961060000 36.8501363031
-99.2220540000 36.7854673707
-99.2148900000 36.7745229892
-99.2244570000 36.7000753342
-99.2378390000 36.7039825060
-99.2282560000 36.6594583962
-99.2087170000 36.6637663268
-99.2202530000 36.6447776641
-99.1920550000 36.6149017358
-99.2108230000 36.5984399336
40
12
-98.6232300000 37.9733541396
-99.3643190000 37.9745352742
-99.3600850000 37.5473273493
-98.7503430000 37.5469116933
-98.7368090000 37.5284888685
-98.7320180000 37.5438065528
-98.7126460000 37.5329735488
-98.6519090000 37.5564685540
-98.6456450000 37.5411208065
-98.6395570000 37.5552557098
-98.6210560000 37.5236951654
-98.6232300000 37.9733541396
40
10
-98.0926440000 37.2278261686
-98.0959630000 37.8669724296
-98.3063740000 37.8662978774
-98.3063740000 37.8826466388
-98.3132480000 38.0803532810
-98.6231460000 38.0804479229
-98.6232300000 37.9733541396
-98.6210560000 37.5236951654
-98.6198200000 37.2278688203
-98.0926440000 37.2278261686
40
24
-95.0499340000 37.9665684144
-95.0254360000 37.9598199839
-95.0065080000 37.9122049039
-94.8994750000 37.8888978808
-94.8923030000 37.8693628344
-94.9194870000 37.8351385753
-94.8421400000 37.8588265990
-94.8136290000 37.8002961609
-94.7564160000 37.8413181531
-94.6848830000 37.8051314179
-94.6687930000 37.7655970901
-94.6334300000 37.7640545648
-94.5948030000 37.8059673468
-94.4945530000 37.7730662414
-94.4813610000 37.7826252724
-94.4939650000 37.8065103367
-94.4861450000 37.8529046749
-94.4326860000 37.8707475540
-94.4726490000 38.1873887512
-94.8072970000 38.1874453520
-95.1274640000 38.1878021843
-95.1305390000 38.0472661223
-95.0840380000 37.9684136632
-95.0499340000 37.9665684144
40
15
-99.4092940000 37.5446696254
-99.3600850000 37.5473273493
-99.3643190000 37.9745352742
-99.3640980000 38.0278864612
-99.5584560000 38.0279896520
-99.5756000000 38.0280412475
-99.5757450000 37.9387293531
-99.5757140000 37.9209073393
-100.0003890000 37.9217025238
-100.0003810000 37.4418796348
-99.8885730000 37.4417306450
-99.7828900000 37.4485697472
-99.7794950000 37.5474398213
-99.4430240000 37.5450987196
-99.4092940000 37.5446696254
40
30
-96.5885010000 36.0647467359
-96.5805890000 36.0988848337
-96.5961070000 36.1265173872
-96.5770110000 36.1484180303
-96.6243970000 36.2035616715
-96.5782240000 36.2036449105
-96.5778430000 36.2499459292
-96.5730060000 36.2422618316
-96.5475160000 36.2689890960
-96.5853580000 36.3295012679
-96.6219790000 36.3872321796
-96.6734160000 36.3994221521
-96.9336700000 36.3996941045
-96.9684140000 36.3973335823
-96.9700090000 36.2768176539
-96.9697190000 36.2070360524
-96.9588390000 36.2068152809
-96.9347840000 36.1994709803
-96.9348370000 36.1364194770
-96.9052510000 36.1276999459
-96.8891140000 36.0476253273
-96.8639600000 36.0128708809
-96.8437120000 36.0112621855
-96.8311920000 36.0405031892
-96.7868420000 36.0289254983
-96.7634120000 35.9802768298
-96.6995770000 35.9973870279
-96.6656420000 36.0915072865
-96.6271130000 36.0639660735
-96.5885010000 36.0647467359
40
24
-96.9324490000 36.9622836180
-97.1426620000 36.9613198079
-97.1477660000 36.9451175091
-97.1980970000 36.9441064708
-97.1904530000 36.9133912933
-97.1667790000 36.9020479961
-97.1754760000 36.8810921233
-97.1571660000 36.8733553146
-97.1648640000 36.8334286673
-97.1437150000 36.8212787317
-97.1443100000 36.8041632728
-97.3521120000 36.8044775702
-97.3460460000 36.6461649485
-97.0364150000 36.6447922033
-97.0385130000 36.5988141459
-96.9334560000 36.5933960734
-96.8810040000 36.5937787440
-96.8809200000 36.6071949257
-96.8805010000 36.8033854214
-96.8272860000 36.8035104112
-96.8272930000 36.9093594056
-96.8359070000 36.9093824862
-96.9324870000 36.9115933844
-96.9324490000 36.9622836180
40
29
-96.9326320000 37.2272826665
-96.9324490000 36.9622836180
-96.9324870000 36.9115933844
-96.8359070000 36.9093824862
-96.8272930000 36.9093594056
-96.8272860000 36.8035104112
-96.5138630000 36.8027835311
-96.5057300000 37.0151067302
-96.4064330000 37.0211652268
-96.4064870000 37.1214618913
-96.4067080000 37.3213219268
-96.4267880000 37.2866636843
-96.4907840000 37.2956822823
-96.5270840000 37.2457024492
-96.5578920000 37.3008040761
-96.6351930000 37.2811743945
-96.6656110000 37.3175297775
-96.6975480000 37.3208937934
-96.7118760000 37.3008552954
-96.6875920000 37.2737334853
-96.6941830000 37.2443727088
-96.7288890000 37.2309507535
-96.7502980000 37.2744028154
-96.7756810000 37.2827289718
-96.7977140000 37.2890353163
-96.8134540000 37.3372324685
-96.8830720000 37.3146781368
-96.9305880000 37.3612854537
-96.9326320000 37.2272826665
40
34
-98.1389470000 36.5414812682
-98.1390690000 36.3626125375
-98.1126630000 36.3779849188
-98.0909960000 36.3495970022
-98.1204830000 36.2811190889
-98.0827410000 36.2394668796
-98.1055220000 36.2357017800
-98.0886690000 36.1988400802
-98.0286410000 36.1836188330
-97.9754640000 36.1992538441
-97.9460070000 36.1796386911
-97.9741740000 36.1224116878
-97.9533920000 36.1147094241
-97.9606170000 36.0832699330
-97.9816060000 36.0804202710
-97.9718700000 36.0526892954
-97.8773880000 36.0108539951
-97.8353730000 36.0195310994
-97.7989120000 36.0690308470
-97.7827380000 36.0618241012
-97.7861330000 36.0880729673
-97.7621380000 36.0892767735
-97.7629850000 36.1105583968
-97.7260670000 36.1196706281
-97.6717680000 36.1809364416
-97.5904240000 36.1359999388
-97.5965120000 36.0884585693
-97.5608600000 36.0703681623
-97.5586090000 36.1720153419
-97.5369800000 36.1727015528
-97.5608440000 36.1979932567
-97.5607600000 36.2771315330
-97.5625760000 36.5405940764
-98.1389470000 36.5414812682
40
14
-99.8885730000 37.4417306450
-100.0003810000 37.4418796348
-99.9996800000 36.8693213826
-99.9263760000 36.8881008163
-99.8445820000 36.8046353260
-99.6736760000 36.8048161387
-99.6669010000 37.0691912872
-99.6680070000 37.1045643776
-99.7201690000 37.1338611327
-99.7232440000 37.2303365528
-99.7370380000 37.3365846772
-99.8884280000 37.3363760674
-99.8884350000 37.3483224282
-99.8885730000 37.4417306450
40
17
-96.5853580000 36.3295012679
-96.4538040000 36.3372281631
-96.4539030000 36.3813177999
-96.4447400000 36.3813685553
-96.4076390000 36.3812803376
-96.4073330000 36.6974484127
-96.5138320000 36.7048941607
-96.5138630000 36.8027835311
-96.8272860000 36.8035104112
-96.8805010000 36.8033854214
-96.8809200000 36.6071949257
-96.8810040000 36.5937787440
-96.9334560000 36.5933960734
-96.9336700000 36.3996941045
-96.6734160000 36.3994221521
-96.6219790000 36.3872321796
-96.5853580000 36.3295012679
40
15
-95.7793730000 36.3805335117
-95.7793880000 36.8038392685
-95.6795730000 36.8045333914
-95.6717000000 36.8044921323
-95.6719740000 36.9101890940
-95.8812560000 36.9099801528
-95.8821560000 37.0096468559
-96.0921710000 37.0156077402
-96.0917970000 36.8086023585
-96.1449740000 36.8036354011
-96.1451030000 36.7005832702
-96.4073330000 36.6974484127
-96.4076390000 36.3812803376
-95.9915770000 36.3806724838
-95.7793730000 36.3805335117
40
7
-98.6321030000 38.4014857822
-98.6368640000 38.8371729586
-98.9558640000 38.8330532526
-99.3821640000 38.8364359569
-99.3810200000 38.6491153490
-99.3760300000 38.4012564183
-98.6321030000 38.4014857822
40
24
-95.9837110000 37.5899706563
-95.9087750000 37.5799862247
-95.8698730000 37.6328329095
-95.7932740000 37.6459259843
-95.7585680000 37.6207215151
-95.6798250000 37.6535256532
-95.6809690000 37.6749338995
-95.6108630000 37.7101951652
-95.6033630000 37.6986853031
-95.6194610000 37.6764040421
-95.5159610000 37.7259891128
-95.5045550000 37.7709489445
-95.4512480000 37.7668125042
-95.3875500000 37.8047710636
-95.3446500000 37.7632312410
-95.3450320000 38.0806396654
-95.7129590000 38.0807011213
-95.8198550000 38.0806912884
-95.8233410000 37.9747218997
-95.8752750000 37.9723191237
-95.8756330000 37.8680296462
-95.9813080000 37.8658673928
-95.9813770000 37.7593107454
-95.9837110000 37.5899706563
40
6
-97.1418230000 37.8658588076
-97.1412350000 37.9729195053
-97.1409990000 38.2931230695
-97.6739200000 38.2950249533
-97.6712190000 37.8663959938
-97.1418230000 37.8658588076
40
23
-97.6715470000 37.8170410066
-97.6715930000 37.8157269100
-97.6679990000 37.2280918277
-96.9326320000 37.2272826665
-96.9305880000 37.3612854537
-97.0171510000 37.2921983928
-97.0876080000 37.3212389835
-97.1422650000 37.3214939126
-97.1980510000 37.3184043132
-97.2165370000 37.3386232211
-97.2640300000 37.3403592491
-97.2743990000 37.3594843906
-97.3372270000 37.3579249598
-97.3577420000 37.4482021335
-97.3531110000 37.4960044922
-97.4027250000 37.5113782879
-97.4093320000 37.5772909422
-97.5617140000 37.6899521671
-97.5628280000 37.7061359498
-97.5600590000 37.7421787725
-97.5826190000 37.7753183695
-97.6414870000 37.7892121172
-97.6715470000 37.8170410066
40
19
-97.3521120000 36.8044775702
-97.1443100000 36.8041632728
-97.1437150000 36.8212787317
-97.1648640000 36.8334286673
-97.1571660000 36.8733553146
-97.1754760000 36.8810921233
-97.1667790000 36.9020479961
-97.1904530000 36.9133912933
-97.1980970000 36.9441064708
-97.1477660000 36.9451175091
-97.1426620000 36.9613198079
-96.9324490000 36.9622836180
-96.9326320000 37.2272826665
-97.6679990000 37.2280918277
-97.6684340000 37.0165209954
-97.5763630000 37.0163264263
-97.5627590000 37.0162899447
-97.5623630000 36.8046450340
-97.3521120000 36.8044775702
40
39
-98.8262020000 36.9106385619
-98.8262940000 37.2284269490
-98.7976230000 37.2284817872
-98.6198200000 37.2278688203
-98.6210560000 37.5236951654
-98.6395570000 37.5552557098
-98.6456450000 37.5411208065
-98.6519090000 37.5564685540
-98.7126460000 37.5329735488
-98.7320180000 37.5438065528
-98.7368090000 37.5284888685
-98.7503430000 37.5469116933
-99.3600850000 37.5473273493
-99.4092940000 37.5446696254
-99.3976820000 37.5194761151
-99.3681410000 37.5106780389
-99.3699260000 37.4690800939
-99.3232960000 37.4501440283
-99.3477860000 37.3831192123
-99.2895200000 37.2856492038
-99.3160550000 37.2472650081
-99.2464600000 37.1878561577
-99.2123570000 37.1932331378
-99.1906660000 37.2318013789
-99.1445160000 37.2210764715
-99.1536940000 37.1936789991
-99.1495670000 37.1543959871
-99.1655120000 37.1456445696
-99.1509170000 37.1137394651
-99.1729580000 37.1049307321
-99.1584010000 37.0511663595
-99.1019060000 37.0336360298
-99.0525130000 37.0411102523
-99.0370940000 37.0236655877
-99.0946810000 37.0031391697
-99.1031490000 36.9638186840
-99.0010680000 36.9602855150
-99.0003510000 36.9107867653
-98.8262020000 36.9106385619
40
9
-96.0008090000 39.8757460722
-96.0011750000 39.1582753935
-95.8122250000 39.1579348727
-95.8096160000 39.3744866570
-95.8076020000 39.8044609419
-95.7868190000 39.8044747049
-95.7867280000 39.8226848742
-95.7867580000 39.8763107786
-96.0008090000 39.8757460722
40
19
-97.6712190000 37.8663959938
-97.6715470000 37.8170410066
-97.6414870000 37.7892121172
-97.5826190000 37.7753183695
-97.5600590000 37.7421787725
-97.5628280000 37.7061359498
-97.5617140000 37.6899521671
-97.4093320000 37.5772909422
-97.4027250000 37.5113782879
-97.3531110000 37.4960044922
-97.3577420000 37.4482021335
-97.3372270000 37.3579249598
-97.2743990000 37.3594843906
-97.2640300000 37.3403592491
-97.2165370000 37.3386232211
-97.1980510000 37.3184043132
-97.1422650000 37.3214939126
-97.1418230000 37.8658588076
-97.6712190000 37.8663959938
40
13
-97.4607390000 38.8366390963
-97.6757130000 38.8368843505
-97.6739200000 38.2950249533
-97.1409990000 38.2931230695
-97.1405180000 38.5612486942
-97.1407780000 38.5820299583
-97.1967700000 38.5624925055
-97.2220230000 38.5897219888
-97.2811970000 38.6045172006
-97.3100360000 38.6468431101
-97.3538670000 38.6150249679
-97.3540120000 38.8300484299
-97.4607390000 38.8366390963
40
11
-97.5625760000 36.5405940764
-97.5623630000 36.8046450340
-97.5627590000 37.0162899447
-97.5763630000 37.0163264263
-97.6684340000 37.0165209954
-98.0890730000 37.0162388704
-98.1415790000 37.0162291419
-98.1417390000 36.9997201278
-98.1421430000 36.8047882280
-98.1389470000 36.5414812682
-97.5625760000 36.5405940764
40
23
-98.6620030000 36.6822543343
-98.6093750000 36.6824712899
-98.6093830000 36.6999916887
-98.5063400000 36.6997371158
-98.5048370000 36.7173671961
-98.5047380000 36.7347820636
-98.3241880000 36.7343285261
-98.2958220000 36.7344679826
-98.2958150000 36.7520204201
-98.2488780000 36.7522557184
-98.2440410000 36.8003626578
-98.1421430000 36.8047882280
-98.1417390000 36.9997201278
-98.1415790000 37.0162291419
-98.0890730000 37.0162388704
-98.0926440000 37.2278261686
-98.6198200000 37.2278688203
-98.7976230000 37.2284817872
-98.8262940000 37.2284269490
-98.8262020000 36.9106385619
-98.8258290000 36.8050430652
-98.6616670000 36.8026767445
-98.6620030000 36.6822543343
40
15
-95.9837110000 37.5899706563
-95.9813770000 37.7593107454
-96.4413910000 37.7595533215
-96.4414060000 37.5493139648
-96.4852520000 37.5463664529
-96.4907840000 37.2956822823
-96.4267880000 37.2866636843
-96.4067080000 37.3213219268
-96.4064870000 37.1214618913
-96.0921170000 37.1214618913
-96.0871120000 37.4661728207
-96.0289230000 37.5523825996
-96.0090100000 37.5502467709
-96.0118030000 37.5825715142
-95.9837110000 37.5899706563
40
17
-96.9251250000 38.9383476652
-97.1394580000 38.9381405929
-97.1408160000 38.8349235725
-97.3540120000 38.8300484299
-97.3538670000 38.6150249679
-97.3100360000 38.6468431101
-97.2811970000 38.6045172006
-97.2220230000 38.5897219888
-97.1967700000 38.5624925055
-97.1407780000 38.5820299583
-97.1405180000 38.5612486942
-96.6210940000 38.5608818531
-96.6214450000 38.8310207140
-96.8080140000 38.8299679228
-96.8190770000 38.8297685130
-96.8189700000 38.9370469604
-96.9251250000 38.9383476652
40
29
-95.0499340000 37.9665684144
-95.0840380000 37.9684136632
-95.1305390000 38.0472661223
-95.1274640000 38.1878021843
-95.1275250000 38.3948356808
-95.2656780000 38.4025968481
-95.3597790000 38.4110171896
-95.4251480000 38.3845106071
-95.4754490000 38.3916606109
-95.5478820000 38.3726924832
-95.5856550000 38.3427085101
-95.6351390000 38.3680844669
-95.6504440000 38.4552926265
-95.7661670000 38.4558046626
-95.7656630000 38.2946923674
-95.7130810000 38.2932400885
-95.7129590000 38.0807011213
-95.3450320000 38.0806396654
-95.3446500000 37.7632312410
-95.3001480000 37.7730331583
-95.2557220000 37.7291893558
-95.2269970000 37.7331515295
-95.1962510000 37.7773524356
-95.1707840000 37.7818716427
-95.1795200000 37.8276978455
-95.1414790000 37.8407050826
-95.1613920000 37.8555191564
-95.1203770000 37.8608525695
-95.0499340000 37.9665684144
40
18
-96.1925660000 38.1880421239
-96.1911850000 38.0808314082
-96.0878370000 38.0800115874
-96.0799640000 37.8660170197
-95.9813080000 37.8658673928
-95.8756330000 37.8680296462
-95.8752750000 37.9723191237
-95.8233410000 37.9747218997
-95.8198550000 38.0806912884
-95.7129590000 38.0807011213
-95.7130810000 38.2932400885
-95.7656630000 38.2946923674
-95.7661670000 38.4558046626
-95.8199620000 38.4551840505
-96.0331190000 38.4563228705
-96.1924820000 38.4565671695
-96.1924900000 38.4445997039
-96.1925660000 38.1880421239
40
11
-95.4401170000 38.7261679511
-95.2079470000 38.7255258209
-95.1252370000 38.7252808474
-95.1182330000 38.8179582407
-95.1184540000 38.8331374781
-95.0113070000 38.8333368948
-95.0057140000 39.2653169260
-95.3280260000 39.2659153687
-95.4355090000 39.2657822429
-95.4355700000 39.2532630166
-95.4401170000 38.7261679511
40
10
-99.3643190000 37.9745352742
-98.6232300000 37.9733541396
-98.6231460000 38.0804479229
-98.6316990000 38.0804712762
-98.6321030000 38.4014857822
-99.3760300000 38.4012564183
-99.3753740000 38.0806777681
-99.3639830000 38.0799685685
-99.3640980000 38.0278864612
-99.3643190000 37.9745352742
40
8
-102.0323410000 39.2538651164
-102.0282060000 39.8685679568
-102.8290790000 39.8774189150
-102.8293000000 39.8771985388
-102.8195340000 39.8771985388
-103.0004880000 39.8771985388
-103.0024570000 39.2537842557
-102.0323410000 39.2538651164
40
11
-95.7867580000 39.8763107786
-95.7867280000 39.8226848742
-95.7868190000 39.8044747049
-95.8076020000 39.8044609419
-95.8096160000 39.3744866570
-95.4315110000 39.3745813206
-95.4318850000 39.7548645410
-95.4317320000 39.8055544798
-95.4078980000 39.8053918246
-95.4076840000 39.8762243820
-95.7867580000 39.8763107786
40
16
-99.2951890000 39.6515129291
-99.2999340000 39.3715122762
-99.6055680000 39.3686039986
-99.6047900000 38.9384667011
-99.5958250000 38.9385559780
-99.5959550000 38.8361386804
-99.5784990000 38.8362513976
-99.3821640000 38.8364359569
-98.9558640000 38.8330532526
-98.9603350000 39.2617474978
-98.9604640000 39.3764011209
-99.0228120000 39.4312030974
-99.0607150000 39.5207584667
-99.1474460000 39.6094448899
-99.2702180000 39.6142459856
-99.2951890000 39.6515129291
40
11
-96.0331190000 38.4563228705
-96.0297620000 38.7263758092
-96.2977910000 38.7271825008
-96.2978900000 38.8339314314
-96.6214450000 38.8310207140
-96.6210940000 38.5608818531
-96.6206510000 38.1879387652
-96.1925660000 38.1880421239
-96.1924900000 38.4445997039
-96.1924820000 38.4565671695
-96.0331190000 38.4563228705
40
34
-96.2682880000 38.8335635615
-96.2439650000 38.8769050141
-96.2524640000 38.9081086222
-96.3386080000 38.9173302145
-96.4249570000 38.9779748346
-96.4610750000 39.0464614582
-96.4834210000 39.0433742915
-96.5152280000 39.0025986774
-96.5668110000 39.0150531742
-96.5723420000 39.0439142593
-96.5206830000 39.0882888123
-96.5237500000 39.1157841909
-96.5397870000 39.1295180435
-96.5870360000 39.0964892846
-96.6334530000 39.1593752592
-96.6969600000 39.1639749464
-96.7171250000 39.1851790959
-96.7059860000 39.2339070142
-96.7517010000 39.3292294738
-96.7952270000 39.3207477566
-96.8721080000 39.2196795172
-96.9338230000 39.1987761194
-96.9810260000 39.2104862386
-97.0097890000 39.2617761124
-97.0321500000 39.2532008164
-97.0271530000 39.0460828498
-96.9250340000 39.0392743589
-96.9251250000 38.9383476652
-96.8189700000 38.9370469604
-96.8190770000 38.8297685130
-96.8080140000 38.8299679228
-96.6214450000 38.8310207140
-96.2978900000 38.8339314314
-96.2682880000 38.8335635615
40
30
-95.8199620000 38.4551840505
-95.7661670000 38.4558046626
-95.6504440000 38.4552926265
-95.6351390000 38.3680844669
-95.5856550000 38.3427085101
-95.5478820000 38.3726924832
-95.4754490000 38.3916606109
-95.4251480000 38.3845106071
-95.3597790000 38.4110171896
-95.2656780000 38.4025968481
-95.2295000000 38.4539934240
-95.2298200000 38.4721147239
-95.2818680000 38.5155276997
-95.2687300000 38.5478493918
-95.2788240000 38.5877612418
-95.2387390000 38.6226343215
-95.2253720000 38.6718826959
-95.2144240000 38.6824261733
-95.2079470000 38.7255258209
-95.4401170000 38.7261679511
-95.5793760000 38.7324645164
-95.5529630000 38.7468940839
-95.5680540000 38.7940993324
-95.6064150000 38.8001402780
-95.6187820000 38.8344516539
-95.7615590000 38.8342051672
-95.7623520000 38.5106154325
-95.8194580000 38.5110154169
-95.8192670000 38.4926980590
-95.8199620000 38.4551840505
40
20
-95.8096160000 39.3744866570
-95.8122250000 39.1579348727
-95.7943340000 39.1503405758
-95.7943120000 39.1219396472
-95.8109050000 39.1218067200
-95.8121410000 39.1153431995
-95.8151630000 38.8343290298
-95.7615590000 38.8342051672
-95.6187820000 38.8344516539
-95.6064150000 38.8001402780
-95.5680540000 38.7940993324
-95.5529630000 38.7468940839
-95.5793760000 38.7324645164
-95.4401170000 38.7261679511
-95.4355700000 39.2532630166
-95.4355090000 39.2657822429
-95.3280260000 39.2659153687
-95.3283000000 39.3672887636
-95.4315110000 39.3745813206
-95.8096160000 39.3744866570
40
5
-97.4622800000 39.8755269520
-98.1119840000 39.8748395439
-98.1040730000 39.3697585805
-97.4624560000 39.3694733588
-97.4622800000 39.8755269520
40
15
-97.0574110000 39.3697162331
-97.0438230000 39.3784638521
-97.0584180000 39.4876712334
-97.0314640000 39.5045464408
-96.9311600000 39.4853604928
-96.8876110000 39.5672817636
-96.8246690000 39.5605211625
-96.8157960000 39.5865702595
-96.7524640000 39.6046627637
-96.7525100000 39.6221492760
-96.7498400000 39.8759088475
-97.4622800000 39.8755269520
-97.4624560000 39.3694733588
-97.4616390000 39.3694733588
-97.0574110000 39.3697162331
40
8
-97.6757130000 38.8368843505
-97.4607390000 38.8366390963
-97.4616390000 39.3694733588
-97.4624560000 39.3694733588
-98.1040730000 39.3697585805
-98.1046220000 39.2073366263
-98.1038440000 38.8371494240
-97.6757130000 38.8368843505
40
33
-95.4512480000 37.7668125042
-95.5045550000 37.7709489445
-95.5159610000 37.7259891128
-95.6194610000 37.6764040421
-95.6033630000 37.6986853031
-95.6108630000 37.7101951652
-95.6809690000 37.6749338995
-95.6798250000 37.6535256532
-95.7585680000 37.6207215151
-95.7932740000 37.6459259843
-95.8698730000 37.6328329095
-95.9087750000 37.5799862247
-95.9837110000 37.5899706563
-96.0118030000 37.5825715142
-96.0090100000 37.5502467709
-96.0289230000 37.5523825996
-96.0871120000 37.4661728207
-96.0921170000 37.1214618913
-96.0921710000 37.0156077402
-95.8821560000 37.0096468559
-95.8812560000 36.9099801528
-95.6719740000 36.9101890940
-95.5297620000 36.9105413795
-95.5143130000 36.9105547421
-95.5145110000 37.0162802162
-95.5076520000 37.4397229690
-95.3610530000 37.4406730686
-95.3494340000 37.4405570534
-95.3494110000 37.4759540553
-95.3493500000 37.6006594133
-95.3658520000 37.6005383190
-95.4549560000 37.6009028256
-95.4512480000 37.7668125042
40
17
-97.4607390000 38.8366390963
-97.3540120000 38.8300484299
-97.1408160000 38.8349235725
-97.1394580000 38.9381405929
-96.9251250000 38.9383476652
-96.9250340000 39.0392743589
-97.0271530000 39.0460828498
-97.0321500000 39.2532008164
-97.0097890000 39.2617761124
-97.0003130000 39.2860779694
-96.9026410000 39.3170966032
-96.8882140000 39.3445091586
-96.9153210000 39.3775894280
-97.0016780000 39.3560950490
-97.0574110000 39.3697162331
-97.4616390000 39.3694733588
-97.4607390000 38.8366390963
40
12
-97.5623630000 36.8046450340
-97.5625760000 36.5405940764
-97.5607600000 36.2771315330
-96.9700090000 36.2768176539
-96.9684140000 36.3973335823
-96.9336700000 36.3996941045
-96.9334560000 36.5933960734
-97.0385130000 36.5988141459
-97.0364150000 36.6447922033
-97.3460460000 36.6461649485
-97.3521120000 36.8044775702
-97.5623630000 36.8046450340
40
19
-95.1274640000 38.1878021843
-94.8072970000 38.1874453520
-94.7972790000 38.8328303029
-95.0113070000 38.8333368948
-95.1184540000 38.8331374781
-95.1182330000 38.8179582407
-95.1252370000 38.7252808474
-95.2079470000 38.7255258209
-95.2144240000 38.6824261733
-95.2253720000 38.6718826959
-95.2387390000 38.6226343215
-95.2788240000 38.5877612418
-95.2687300000 38.5478493918
-95.2818680000 38.5155276997
-95.2298200000 38.4721147239
-95.2295000000 38.4539934240
-95.2656780000 38.4025968481
-95.1275250000 38.3948356808
-95.1274640000 38.1878021843
40
28
-95.1558840000 36.1151782934
-95.1564410000 36.3809298847
-95.7793730000 36.3805335117
-95.9915770000 36.3806724838
-95.9543300000 36.3710053146
-95.9387210000 36.3428778513
-95.9355010000 36.1212532979
-95.8797680000 36.0900949841
-95.8408200000 36.0399973230
-95.7620470000 36.0381870650
-95.7524110000 36.0635058709
-95.6980060000 36.0528723932
-95.6662140000 36.0801214527
-95.6379930000 36.0783743468
-95.5967180000 36.1208663672
-95.5601810000 36.1080430331
-95.5462420000 36.0476891674
-95.5117260000 36.0632071018
-95.5024030000 36.0404345358
-95.4626310000 36.0574451236
-95.4642110000 36.0387158064
-95.3414840000 36.0329780838
-95.3339840000 36.0538830503
-95.2887190000 36.0388494977
-95.2745900000 36.0853834332
-95.2636410000 36.0544299415
-95.2311100000 36.1435422431
-95.1558840000 36.1151782934
40
12
-96.5138630000 36.8027835311
-96.5138320000 36.7048941607
-96.4073330000 36.6974484127
-96.1451030000 36.7005832702
-96.1449740000 36.8036354011
-96.0917970000 36.8086023585
-96.0921710000 37.0156077402
-96.0921170000 37.1214618913
-96.4064870000 37.1214618913
-96.4064330000 37.0211652268
-96.5057300000 37.0151067302
-96.5138630000 36.8027835311
40
19
-96.0011750000 39.1582753935
-96.0013580000 38.8320933342
-96.2682880000 38.8335635615
-96.2978900000 38.8339314314
-96.2977910000 38.7271825008
-96.0297620000 38.7263758092
-96.0331190000 38.4563228705
-95.8199620000 38.4551840505
-95.8192670000 38.4926980590
-95.8194580000 38.5110154169
-95.7623520000 38.5106154325
-95.7615590000 38.8342051672
-95.8151630000 38.8343290298
-95.8121410000 39.1153431995
-95.8109050000 39.1218067200
-95.7943120000 39.1219396472
-95.7943340000 39.1503405758
-95.8122250000 39.1579348727
-96.0011750000 39.1582753935
40
27
-99.4092940000 37.5446696254
-99.4430240000 37.5450987196
-99.7794950000 37.5474398213
-99.7828900000 37.4485697472
-99.8885730000 37.4417306450
-99.8884350000 37.3483224282
-99.8884280000 37.3363760674
-99.7370380000 37.3365846772
-99.7232440000 37.2303365528
-99.7201690000 37.1338611327
-99.6680070000 37.1045643776
-99.6669010000 37.0691912872
-99.4231340000 37.0697801689
-99.4420550000 37.0738184820
-99.4403760000 37.1147789879
-99.4056630000 37.1321420695
-99.3988570000 37.1767608039
-99.2464290000 37.1778521357
-99.2464600000 37.1878561577
-99.3160550000 37.2472650081
-99.2895200000 37.2856492038
-99.3477860000 37.3831192123
-99.3232960000 37.4501440283
-99.3699260000 37.4690800939
-99.3681410000 37.5106780389
-99.3976820000 37.5194761151
-99.4092940000 37.5446696254
40
17
-95.5145110000 37.0162802162
-95.5143130000 36.9105547421
-95.5297620000 36.9105413795
-95.6719740000 36.9101890940
-95.6717000000 36.8044921323
-95.6795730000 36.8045333914
-95.7793880000 36.8038392685
-95.7793730000 36.3805335117
-95.1564410000 36.3809298847
-95.1512760000 36.4855633683
-95.0601880000 36.4856794993
-95.0465850000 36.4856879672
-95.0467610000 36.7963631864
-94.9376070000 36.8045989208
-94.9377590000 37.0148002884
-95.0596160000 37.0157889313
-95.5145110000 37.0162802162
