20
Albemarle County
-78.5352820000 41.1683706536
Hanover County
-77.4436990000 40.7755874865
Stafford County
-77.4315220000 41.6391534189
Augusta County
-79.0914590000 41.3052557711
Roanoke
-79.9557110000 40.2245190550
Rockingham County
-78.8443800000 41.7315931240
Spotsylvania County
-77.5976250000 41.4088451721
Frederick County
-78.2446160000 42.6638605168
Fairfax County
-77.2495650000 42.2109329084
Henry County
-79.8977870000 39.4985635151
Loudoun County
-77.5688190000 42.4987038481
Newport News
-76.4845570000 39.9661755886
York County
-76.5040410000 40.1200095444
Montgomery County
-80.3953280000 40.0947792994
Henrico County
-77.4769940000 40.6122001295
Pittsylvania County
-79.4069280000 39.6567071501
Chesterfield County
-77.5458950000 40.4044562580
Prince William County
-77.4097730000 42.0247665527
Lynchburg
-79.1702050000 40.3839775775
Virginia Beach
-76.0871790000 39.6701687164
163
51
27
-81.9010850000 40.0558318913
-81.8575060000 40.0956741233
-81.7640230000 40.1288914959
-81.7401280000 40.1753385171
-81.7571330000 40.2235777712
-81.8536150000 40.2384974052
-81.8604890000 40.2736019511
-81.9333270000 40.3411561772
-81.9231490000 40.3937203224
-81.9358750000 40.4279027953
-81.9875340000 40.4490397743
-81.9960170000 40.4700844764
-81.9268800000 40.5238892816
-81.9683000000 40.5529760945
-81.9854050000 40.5379385468
-82.3146900000 40.2483420578
-82.2921600000 40.2604506767
-82.2504650000 40.2195513438
-82.2357480000 40.1416741793
-82.2036900000 40.0772007958
-82.1578290000 40.0150533719
-82.1359330000 39.9537974743
-82.1487200000 39.9293868465
-82.0446780000 39.9359581294
-82.0176090000 39.9636213818
-82.0073550000 40.0276062677
-81.9010850000 40.0558318913
51
30
-77.2255020000 41.9094276995
-77.1303480000 41.9470125250
-77.1211010000 42.0131346670
-77.0786060000 42.0473401340
-77.0460970000 42.0489972355
-77.0402980000 42.1419736752
-77.1344450000 42.1571466084
-77.1416470000 42.1920567373
-77.1101990000 42.2144867479
-77.1500020000 42.2563472083
-77.1940000000 42.2698381837
-77.1721570000 42.2782431113
-77.1197890000 42.3310543571
-77.1479190000 42.3701285559
-77.2497020000 42.3983979735
-77.2470550000 42.4482680594
-77.3261570000 42.4887975770
-77.5359270000 42.2191295441
-77.5076140000 42.2064009365
-77.4935460000 42.1553797675
-77.4369580000 42.1502937145
-77.4055100000 42.0888805245
-77.3895650000 42.0861316056
-77.3690720000 42.0440644670
-77.3504100000 42.0575972152
-77.3177030000 42.0322251120
-77.2996220000 42.0372020936
-77.2565770000 42.0080821301
-77.2218090000 41.9504012273
-77.2255020000 41.9094276995
51
7
-77.2702330000 42.2424228410
-77.3255540000 42.2433783795
-77.3350370000 42.2264280449
-77.3186040000 42.2040836836
-77.2882080000 42.2049849019
-77.2720030000 42.2114053762
-77.2702330000 42.2424228410
51
2
-77.3084030000 42.2139718948
-77.3084030000 42.2139718948
51
12
-77.8281560000 42.5859313001
-78.0328450000 42.7563602769
-78.0744170000 42.6789309714
-78.1075360000 42.5424192099
-78.1374970000 42.5097034947
-78.1519780000 42.4621904406
-78.0971070000 42.4319282312
-78.0595700000 42.4398371397
-78.0041660000 42.3890982101
-77.9620440000 42.4331946400
-77.8629300000 42.5194329801
-77.8281560000 42.5859313001
51
25
-75.6654970000 40.4641336806
-75.7061920000 40.4418835807
-75.8054580000 40.4590538154
-75.8127900000 40.4724155067
-75.7915190000 40.5087227673
-75.8053280000 40.5211056504
-75.7899250000 40.5386068312
-75.8378980000 40.5751326435
-75.9376370000 40.5679290166
-75.9815370000 40.4219937032
-75.9845960000 40.3401772411
-76.0154270000 40.2903856853
-76.0235370000 40.2371977663
-76.0130690000 40.1346667802
-75.9698870000 40.0366815026
-75.9796220000 40.0181619714
-76.0970690000 39.9185718415
-76.0849000000 39.9151934223
-75.9324800000 39.9931857011
-75.8007580000 40.1245376664
-75.7862850000 40.2428615067
-75.7250210000 40.3100050687
-75.7156600000 40.3449763897
-75.6654430000 40.4305111250
-75.6654970000 40.4641336806
51
20
-77.9620440000 42.4331946400
-77.6550830000 42.3417123346
-77.5500110000 42.2594352350
-77.5484090000 42.2189831692
-77.5359270000 42.2191295441
-77.3261570000 42.4887975770
-77.4581300000 42.5103952032
-77.4832380000 42.5539718540
-77.5209200000 42.5722168130
-77.5185850000 42.6317227100
-77.4777980000 42.6611316117
-77.4587710000 42.7082854842
-77.5433350000 42.7597262488
-77.5666730000 42.8104066191
-77.6168210000 42.8062465707
-77.6768880000 42.8341919686
-77.7354050000 42.8174180067
-77.8281560000 42.5859313001
-77.8629300000 42.5194329801
-77.9620440000 42.4331946400
51
32
-75.9376370000 40.5679290166
-75.8378980000 40.5751326435
-75.7899250000 40.5386068312
-75.8053280000 40.5211056504
-75.7915190000 40.5087227673
-75.8127900000 40.4724155067
-75.8054580000 40.4590538154
-75.7061920000 40.4418835807
-75.6654970000 40.4641336806
-75.5939030000 40.5938474992
-75.6120000000 40.6136538565
-75.6106640000 40.6394019285
-75.5192180000 40.8784246218
-75.4526820000 40.9646345284
-75.4090650000 40.9854582793
-75.3738170000 40.9593007573
-75.3555600000 40.9693846404
-75.2424390000 41.1719860801
-75.2496340000 41.1715887318
-75.6246490000 41.1281648519
-75.6521680000 41.0692956213
-75.7058720000 41.0798213347
-75.8139040000 41.0261272715
-75.9526750000 41.0195174961
-75.9436950000 41.0693488810
-76.0502550000 41.0787966106
-76.0499500000 41.0694059449
-75.9923550000 40.8801431811
-75.8626400000 40.7533987337
-75.8698650000 40.7162653418
-75.9247590000 40.6312316001
-75.9376370000 40.5679290166
51
27
-81.6058350000 39.4258690469
-81.6213150000 39.4256596790
-81.6996990000 39.6144083155
-81.8368450000 39.7883295874
-81.9472500000 39.7079261902
-81.9813460000 39.7260504299
-82.0772400000 39.6959252588
-82.1140980000 39.6605049313
-82.1040570000 39.6253075281
-82.2238770000 39.5805372721
-82.3320920000 39.5139387785
-82.2941510000 39.3722720548
-82.2435610000 39.3722160054
-82.1150670000 39.4252982712
-82.1219330000 39.4350779475
-82.1219330000 39.4350779475
-82.1220550000 39.4479674053
-82.1444550000 39.4660250305
-82.1285550000 39.4726979243
-82.1065900000 39.4412401413
-82.1083150000 39.4173551204
-82.1460720000 39.3710564118
-81.9322280000 39.3750048166
-81.9203030000 39.3977767011
-81.6468960000 39.3924768978
-81.6104350000 39.3992019920
-81.6058350000 39.4258690469
51
21
-80.0534590000 39.3060132822
-80.0585710000 39.4521283987
-80.0938870000 39.5307811830
-80.0948940000 39.5985474841
-80.0414960000 39.6200388375
-80.0727160000 39.6577652667
-80.0736620000 39.6849230218
-80.2354580000 39.7171997610
-80.3443760000 39.6671826462
-80.3454060000 39.6432075089
-80.3908230000 39.6151462959
-80.3948440000 39.5576745393
-80.4494860000 39.5583409485
-80.4641800000 39.5131441985
-80.4538800000 39.5026668365
-80.4889300000 39.4402978385
-80.5411450000 39.4290345458
-80.5945740000 39.4533176432
-80.6256870000 39.3847930758
-80.6121520000 39.3251260867
-80.0534590000 39.3060132822
51
17
-82.7713090000 39.6269272810
-82.8469090000 39.6862763636
-82.8513260000 39.7135522240
-82.8784480000 39.7436266906
-83.0061870000 39.6869011816
-83.0727230000 39.6950629295
-83.1327970000 39.6073297373
-83.1355290000 39.5555268362
-83.3487010000 39.5025059431
-83.4240040000 39.4616016266
-83.5310130000 39.4594810083
-83.6750110000 39.3786394852
-82.9851230000 39.3698158740
-82.9483800000 39.4698389464
-82.8247150000 39.5424981368
-82.8292310000 39.5615020877
-82.7713090000 39.6269272810
51
23
-78.8692780000 42.1110351570
-78.9937590000 42.2227491887
-79.0267560000 42.1491582443
-79.0546570000 42.1405650526
-79.0927580000 42.0332514962
-79.0927580000 41.9788100548
-79.1294560000 41.9730448623
-79.2243420000 41.7460660456
-78.9155580000 41.5253809356
-78.8922420000 41.5260576094
-78.7493520000 41.4002559155
-78.7067640000 41.4494121443
-78.6561050000 41.4674003555
-78.6631770000 41.4910440121
-78.5524670000 41.5676640882
-78.4860000000 41.6741032493
-78.5480730000 41.6802096945
-78.5585170000 41.7071650891
-78.6229100000 41.7306301314
-78.6311720000 41.7683578495
-78.6894300000 41.7861783114
-78.6417690000 41.9082747357
-78.8692780000 42.1110351570
51
9
-78.9064480000 41.6858671970
-78.9143520000 41.6344633115
-78.8911210000 41.6353640590
-78.8829730000 41.6612840935
-78.8280640000 41.6724822500
-78.8243790000 41.6916680294
-78.8706050000 41.7594719085
-78.9152220000 41.6956320564
-78.9064480000 41.6858671970
51
22
-76.5080030000 40.9333721540
-76.4511340000 40.9109282086
-76.4191360000 40.9132423685
-76.4076080000 40.8679064110
-76.3640900000 40.8409709119
-76.3752520000 40.7715474908
-76.3209000000 40.7339722481
-76.2972560000 40.7292732433
-76.2997590000 40.8369989300
-76.2658000000 40.8621618821
-76.2903520000 40.8851016169
-76.2496110000 40.9086394241
-76.2367250000 40.9971491313
-76.3924410000 41.0862324573
-76.5163730000 41.1817590984
-76.5725860000 41.1718362809
-76.5878070000 41.1445273379
-76.6171570000 41.1388292015
-76.6342320000 41.0953140509
-76.5546950000 41.0487244550
-76.5482030000 40.9703460925
-76.5080030000 40.9333721540
51
9
-82.6139530000 39.7692579751
-82.6220250000 39.7863017888
-82.5909190000 39.7956693031
-82.5895000000 39.8162978428
-82.6333850000 39.8176780760
-82.6575550000 39.7806764682
-82.6467900000 39.7577270469
-82.6175840000 39.7600593836
-82.6139530000 39.7692579751
51
24
-82.4066310000 39.7224788112
-82.3401260000 39.7460924771
-82.3181610000 39.7367385813
-82.3184660000 39.7614475574
-82.2987370000 39.7592339925
-82.3279950000 39.8407608415
-82.3627400000 39.8222030789
-82.3794860000 39.8528075501
-82.4790800000 39.9075338618
-82.5462420000 40.0339498108
-82.5538330000 40.1315016297
-82.7262950000 40.0215641173
-82.7231450000 39.9331629295
-82.8674390000 39.8495040668
-82.8576970000 39.7878479657
-82.8784480000 39.7436266906
-82.8513260000 39.7135522240
-82.8469090000 39.6862763636
-82.7713090000 39.6269272810
-82.7486500000 39.6676774028
-82.6986310000 39.6481676904
-82.6345520000 39.7251015689
-82.4045410000 39.7338679531
-82.4066310000 39.7224788112
51
36
-79.0922620000 39.9542085066
-79.1287920000 39.9893357770
-79.1936870000 39.9459581254
-79.2143330000 40.0256975187
-79.2318270000 40.0010678137
-79.2540280000 40.0437205492
-79.2958910000 40.0086007507
-79.3421250000 40.0488446311
-79.3430630000 40.0361221140
-79.3829350000 40.0260988293
-79.3701780000 40.0134408024
-79.4049610000 39.9913729202
-79.4052430000 39.9563977848
-79.4428860000 39.9471472689
-79.4900820000 39.9548676658
-79.4838560000 39.9225717342
-79.4589690000 39.9015381650
-79.4790650000 39.8852325822
-79.5482940000 39.9437778587
-79.5424500000 39.9358152979
-79.5617140000 39.9217211322
-79.5940630000 39.9300746487
-79.6406560000 39.6972125183
-79.7148510000 39.3053349308
-79.4701610000 39.3039433919
-79.4567340000 39.3487752538
-79.4934160000 39.3561286730
-79.5131300000 39.3848117614
-79.4997790000 39.3988357002
-79.4220350000 39.3789720680
-79.3978420000 39.4320019842
-79.3027730000 39.3457630671
-79.3355260000 39.3406292433
-79.3426900000 39.3046229782
-79.2186360000 39.3049590391
-79.0922620000 39.9542085066
51
23
-79.6507570000 40.9748406008
-79.6121670000 40.9547879992
-79.6740040000 40.8374770768
-79.6839140000 40.7842925249
-79.6680300000 40.7500724537
-79.6796260000 40.7062945973
-79.5735090000 40.6252756477
-79.5775220000 40.6071463319
-79.4985500000 40.5467804597
-79.4337620000 40.5965765085
-79.4574740000 40.6391040329
-79.4370420000 40.6529344549
-79.3457640000 40.7075817782
-79.2650070000 40.8768655438
-79.2321090000 40.9003633029
-79.2098770000 40.8716278901
-79.1719440000 40.8881719798
-79.1441960000 40.9606484209
-79.1574250000 40.9994552922
-79.4824070000 41.2470150546
-79.5184940000 41.1867145559
-79.5115590000 41.1819533505
-79.6507570000 40.9748406008
51
5
-79.4216230000 40.8650581435
-79.4155120000 40.8697551109
-79.4523240000 40.8748813003
-79.4571690000 40.8452605888
-79.4216230000 40.8650581435
51
6
-79.3554530000 40.7684607280
-79.3287510000 40.8338771211
-79.3809660000 40.8114519843
-79.3677290000 40.7931033130
-79.3749470000 40.7559011043
-79.3554530000 40.7684607280
51
40
-78.8252410000 40.5715717553
-78.8134540000 40.5915323825
-78.8324360000 40.6203990907
-78.8099370000 40.6386988458
-78.8212430000 40.6716509321
-78.7149350000 40.6787223484
-78.7188340000 40.7096635368
-78.6884380000 40.7298797163
-78.6921390000 40.7554044163
-78.6597370000 40.7292479736
-78.6418610000 40.7368165304
-78.6559370000 40.7627324106
-78.6440350000 40.7996490427
-78.6589200000 40.7863127759
-78.6832890000 40.8009324488
-78.6842120000 40.8316812920
-78.6677860000 40.8309868844
-78.6933520000 40.8476009556
-78.6829150000 40.8596769133
-78.8392110000 41.1980624437
-78.9070510000 41.1214666308
-78.8925860000 41.1056207029
-78.8993000000 41.0726421620
-78.9420620000 41.0618801460
-79.0057910000 40.9875360954
-79.0446240000 40.9996491644
-79.0629500000 41.0330315966
-79.1574250000 40.9994552922
-79.1441960000 40.9606484209
-79.1719440000 40.8881719798
-79.1383740000 40.9019949244
-79.1147310000 40.8679304528
-79.0718770000 40.8571717672
-79.0671460000 40.7825896314
-78.9868700000 40.7549266884
-78.9656300000 40.7161832270
-78.8987270000 40.5611396210
-78.8693160000 40.5584368641
-78.8249360000 40.5523985074
-78.8252410000 40.5715717553
51
22
-78.1302640000 42.2380973560
-78.1134800000 42.2700437368
-78.0565800000 42.2729459382
-78.0750200000 42.3018856396
-78.0041660000 42.3890982101
-78.0595700000 42.4398371397
-78.0971070000 42.4319282312
-78.1519780000 42.4621904406
-78.1641690000 42.4384972747
-78.3139800000 42.4256337718
-78.3329770000 42.4137641538
-78.3217770000 42.3818651454
-78.3388060000 42.3891033556
-78.3011780000 42.3417509062
-78.3386150000 42.2723228371
-78.3360440000 42.2598655632
-78.3866810000 42.1972041639
-78.2951050000 42.1377940551
-78.2848740000 42.1062067674
-78.2007680000 42.1285708302
-78.1688920000 42.1994018568
-78.1302640000 42.2380973560
51
26
-78.3139800000 42.4256337718
-78.1641690000 42.4384972747
-78.1519780000 42.4621904406
-78.1374970000 42.5097034947
-78.1075360000 42.5424192099
-78.0744170000 42.6789309714
-78.0328450000 42.7563602769
-78.3470380000 43.0170927582
-78.3598480000 42.9455500978
-78.3434140000 42.9172247690
-78.3664700000 42.8794184531
-78.3391570000 42.8673716209
-78.4189760000 42.7481176614
-78.3997880000 42.7301768748
-78.4380490000 42.6714967265
-78.4039080000 42.6315950174
-78.5440900000 42.4884241168
-78.4535680000 42.4525790711
-78.4478840000 42.4874814584
-78.3925480000 42.5464009369
-78.3341220000 42.5442038783
-78.3247530000 42.5124059535
-78.3470230000 42.4918973563
-78.3097310000 42.4588560841
-78.3210220000 42.4546181517
-78.3139800000 42.4256337718
51
5
-78.1999210000 42.6469323085
-78.1828230000 42.5837629352
-78.1382290000 42.6514359536
-78.1821900000 42.6775669270
-78.1999210000 42.6469323085
51
19
-81.6058350000 39.4258690469
-81.6104350000 39.3992019920
-81.6468960000 39.3924768978
-81.6775360000 39.3628275609
-80.8379520000 39.3267507382
-80.9141690000 39.4402367636
-80.9293370000 39.4091883424
-80.9239500000 39.4276511850
-80.9496150000 39.4556812170
-80.9417040000 39.4750332974
-80.9321670000 39.4666908029
-81.0424040000 39.6350976481
-81.0862120000 39.6116175275
-81.0885090000 39.5863992385
-81.2616200000 39.5810278360
-81.5439380000 39.5047896571
-81.5315700000 39.4948557103
-81.5389330000 39.4590247262
-81.6058350000 39.4258690469
51
37
-79.0185240000 40.4170206303
-78.9416280000 40.4836922080
-78.9501420000 40.5085210847
-78.9086380000 40.5114203145
-78.8926390000 40.5264246261
-78.8987430000 40.5442016928
-78.8693160000 40.5584368641
-78.8987270000 40.5611396210
-78.9656300000 40.7161832270
-78.9868700000 40.7549266884
-79.0671460000 40.7825896314
-79.0718770000 40.8571717672
-79.1147310000 40.8679304528
-79.1383740000 40.9019949244
-79.1719440000 40.8881719798
-79.2098770000 40.8716278901
-79.2321090000 40.9003633029
-79.2650070000 40.8768655438
-79.3457640000 40.7075817782
-79.4370420000 40.6529344549
-79.4356460000 40.6371828813
-79.3824230000 40.6223438777
-79.3424070000 40.5286171049
-79.2936400000 40.5046450799
-79.2647630000 40.5182288138
-79.2592090000 40.4981110644
-79.2201460000 40.5125548201
-79.2248080000 40.4977115261
-79.1856460000 40.4625247750
-79.1186220000 40.3767356903
-79.1076810000 40.3879531102
-79.0852430000 40.3727404911
-79.0622710000 40.3656001547
-79.0711360000 40.4053968280
-79.0463490000 40.3995558763
-79.0439830000 40.4206285692
-79.0185240000 40.4170206303
51
18
-80.7404860000 39.7257891484
-81.0424040000 39.6350976481
-80.9321670000 39.4666908029
-80.9163440000 39.4939128807
-80.8784480000 39.4931384205
-80.9141690000 39.4402367636
-80.8379520000 39.3267507382
-80.6121520000 39.3251260867
-80.6256870000 39.3847930758
-80.5945740000 39.4533176432
-80.5411450000 39.4290345458
-80.4889300000 39.4402978385
-80.4538800000 39.5026668365
-80.4641800000 39.5131441985
-80.6339870000 39.7917948336
-80.6804430000 39.7630846280
-80.6825870000 39.7459724373
-80.7404860000 39.7257891484
51
23
-77.5306170000 41.5309677846
-77.5696110000 41.5798084734
-77.6023860000 41.5608703041
-77.6187290000 41.6056504096
-77.6409300000 41.5953262853
-77.6417010000 41.6179707245
-77.7024380000 41.5963822391
-77.7317890000 41.5438313100
-77.9548190000 41.2868287100
-77.8559190000 41.2645904310
-77.8374180000 41.2719598134
-77.7681120000 41.2033629164
-77.7452160000 41.2022187303
-77.7462160000 41.1675556787
-77.7389140000 41.1794877767
-77.6873090000 41.1478093183
-77.6421430000 41.1264658258
-77.3703000000 41.4511170924
-77.4174350000 41.4635479914
-77.4471660000 41.4995423281
-77.4574660000 41.4825987004
-77.4920650000 41.4856009649
-77.5306170000 41.5309677846
51
19
-77.9548190000 41.2868287100
-78.1022260000 41.3311330539
-78.2080920000 41.3068080519
-78.3066100000 41.1458002655
-78.0624850000 41.0168052789
-78.0179670000 41.0017374339
-77.9945220000 40.9646826616
-77.9498440000 40.9433379970
-77.8896480000 40.8352723089
-77.8337020000 40.8248791025
-77.7968670000 40.7953172028
-77.6873090000 41.1478093183
-77.7389140000 41.1794877767
-77.7462160000 41.1675556787
-77.7452160000 41.2022187303
-77.7681120000 41.2033629164
-77.8374180000 41.2719598134
-77.8559190000 41.2645904310
-77.9548190000 41.2868287100
51
30
-78.6417690000 41.9082747357
-78.5489430000 42.0796814582
-78.5094220000 42.0631908395
-78.3866810000 42.1972041639
-78.3360440000 42.2598655632
-78.3386150000 42.2723228371
-78.3011780000 42.3417509062
-78.3388060000 42.3891033556
-78.3217770000 42.3818651454
-78.3329770000 42.4137641538
-78.3139800000 42.4256337718
-78.3210220000 42.4546181517
-78.3097310000 42.4588560841
-78.3470230000 42.4918973563
-78.3247530000 42.5124059535
-78.3341220000 42.5442038783
-78.3925480000 42.5464009369
-78.4478840000 42.4874814584
-78.4535680000 42.4525790711
-78.5440900000 42.4884241168
-78.5710600000 42.4553300385
-78.5523220000 42.4365679551
-78.6077190000 42.3758686847
-78.6295550000 42.3908785865
-78.7179410000 42.2924338042
-78.7173920000 42.3327513220
-78.7391360000 42.3217910283
-78.7962110000 42.2542894381
-78.8692780000 42.1110351570
-78.6417690000 41.9082747357
51
23
-76.5024800000 40.6648161571
-76.5387730000 40.6846854818
-76.6037370000 40.8259693420
-76.6681820000 40.8568719133
-76.7510990000 40.7938897373
-76.7182160000 40.7045552260
-76.6540760000 40.6354536260
-76.6116180000 40.6085129125
-76.5955120000 40.6159745662
-76.5548630000 40.5747327780
-76.5479350000 40.5909217563
-76.4375610000 40.5234190338
-76.4135510000 40.5216338785
-76.4037700000 40.5502004299
-76.3553390000 40.5398765847
-76.3399890000 40.5536444857
-76.3329700000 40.5340575475
-76.3269200000 40.5627994019
-76.2979050000 40.5790052469
-76.4099270000 40.6084649620
-76.4332350000 40.6491004619
-76.5072780000 40.6451467021
-76.5024800000 40.6648161571
51
22
-80.6068730000 40.1843324347
-80.5026780000 40.2217228789
-80.4333570000 40.2722917708
-80.4460750000 40.2887885433
-80.4425050000 40.3095585280
-80.4756010000 40.4082500737
-80.5134120000 40.4794139843
-80.7716670000 40.3480442481
-80.7843480000 40.3725768602
-80.8598400000 40.4162386136
-80.8819430000 40.3572849179
-80.8506390000 40.3119484886
-80.9270400000 40.2581915071
-80.9801480000 40.2444390181
-81.0112300000 40.2197084265
-80.8932720000 40.1027501815
-80.8703160000 40.1179344890
-80.8633190000 40.1002324600
-80.8762050000 40.0859657974
-80.8546300000 40.0620242631
-80.8025740000 40.1015917201
-80.6068730000 40.1843324347
51
26
-82.3320920000 39.5139387785
-82.2238770000 39.5805372721
-82.1040570000 39.6253075281
-82.1140980000 39.6605049313
-82.0772400000 39.6959252588
-81.9813460000 39.7260504299
-81.9472500000 39.7079261902
-81.8368450000 39.7883295874
-81.7805400000 39.8253679556
-81.8183520000 39.9306146208
-81.8895420000 40.0162784915
-81.9010850000 40.0558318913
-82.0073550000 40.0276062677
-82.0176090000 39.9636213818
-82.0446780000 39.9359581294
-82.1487200000 39.9293868465
-82.1969220000 39.9154326761
-82.2579270000 39.8634435667
-82.2748340000 39.8786885923
-82.3279950000 39.8407608415
-82.2987370000 39.7592339925
-82.3184660000 39.7614475574
-82.3181610000 39.7367385813
-82.3401260000 39.7460924771
-82.4066310000 39.7224788112
-82.3320920000 39.5139387785
51
20
-82.3146900000 40.2483420578
-82.3513030000 40.2122164980
-82.4387590000 40.1869780149
-82.5538330000 40.1315016297
-82.5462420000 40.0339498108
-82.4790800000 39.9075338618
-82.3794860000 39.8528075501
-82.3627400000 39.8222030789
-82.3279950000 39.8407608415
-82.2748340000 39.8786885923
-82.2579270000 39.8634435667
-82.1969220000 39.9154326761
-82.1487200000 39.9293868465
-82.1359330000 39.9537974743
-82.1578290000 40.0150533719
-82.2036900000 40.0772007958
-82.2357480000 40.1416741793
-82.2504650000 40.2195513438
-82.2921600000 40.2604506767
-82.3146900000 40.2483420578
51
31
-79.4428860000 39.9471472689
-79.4052430000 39.9563977848
-79.4049610000 39.9913729202
-79.3701780000 40.0134408024
-79.3829350000 40.0260988293
-79.3430630000 40.0361221140
-79.3421250000 40.0488446311
-79.2958910000 40.0086007507
-79.2540280000 40.0437205492
-79.2318270000 40.0010678137
-79.2143330000 40.0256975187
-79.1936870000 39.9459581254
-79.1287920000 39.9893357770
-79.0922620000 39.9542085066
-79.0078660000 39.9153850758
-78.9729230000 39.9400978323
-78.9045870000 39.9050876921
-78.8242110000 40.1346617581
-78.8568120000 40.1436430240
-78.8616940000 40.1776673071
-78.9218060000 40.1854969331
-78.9517590000 40.2690214287
-79.0185240000 40.4170206303
-79.0439830000 40.4206285692
-79.0463490000 40.3995558763
-79.0711360000 40.4053968280
-79.0622710000 40.3656001547
-79.0852430000 40.3727404911
-79.2149810000 40.2950540223
-79.2571870000 40.3234941079
-79.4428860000 39.9471472689
51
31
-78.6485440000 39.4996647844
-78.4930270000 39.7410646910
-78.4433060000 39.9765497826
-78.4803700000 39.9840908041
-78.5459820000 40.0633741936
-78.5832290000 40.0533241960
-78.6341780000 40.0899388623
-78.6393970000 40.1179482975
-78.6855090000 40.1204049776
-78.6815800000 40.1891437777
-78.7341080000 40.1531940083
-78.7775120000 40.1643899523
-78.8073650000 40.1305148174
-78.8242110000 40.1346617581
-78.9045870000 39.9050876921
-78.8973460000 39.8493551061
-78.8174510000 39.8571677225
-78.7854540000 39.8180697506
-78.7703170000 39.8595125088
-78.7481000000 39.8622592245
-78.7571560000 39.8856959128
-78.7417680000 39.8818465810
-78.7276840000 39.7988908498
-78.7510760000 39.7791916991
-78.6659620000 39.6823201109
-78.6872940000 39.6585460569
-78.6670300000 39.6405919943
-78.6829760000 39.6176424848
-78.6665340000 39.5807319994
-78.6909030000 39.5506288556
-78.6485440000 39.4996647844
51
7
-79.5423430000 40.2951307399
-79.5559920000 40.3079170375
-79.5359570000 40.3230475034
-79.4880070000 40.3118616943
-79.5019450000 40.2784027479
-79.5395050000 40.2750165136
-79.5423430000 40.2951307399
51
51
-79.1856460000 40.4625247750
-79.2248080000 40.4977115261
-79.2201460000 40.5125548201
-79.2592090000 40.4981110644
-79.2647630000 40.5182288138
-79.2936400000 40.5046450799
-79.3424070000 40.5286171049
-79.3824230000 40.6223438777
-79.4356460000 40.6371828813
-79.4370420000 40.6529344549
-79.4574740000 40.6391040329
-79.4337620000 40.5965765085
-79.4985500000 40.5467804597
-79.5463490000 40.4917312578
-79.5595470000 40.5000381989
-79.5833360000 40.4444784411
-79.6291580000 40.4474298668
-79.6542360000 40.4829625649
-79.6772230000 40.4846297887
-79.7573620000 40.4105455763
-79.8141940000 40.3839964603
-79.7754750000 40.3502048956
-79.7892300000 40.3151196823
-79.8475950000 40.2650974189
-79.8571550000 40.2108744976
-79.8470840000 40.1599114159
-79.8036120000 40.1474703341
-79.7798840000 40.1675524340
-79.7752080000 40.1303327730
-79.7191010000 40.1158795636
-79.7011640000 40.0639099055
-79.7023540000 40.0831649243
-79.6787950000 40.0721755589
-79.6113510000 39.9845583772
-79.6228410000 39.9774622946
-79.5922930000 39.9396480193
-79.5940630000 39.9300746487
-79.5617140000 39.9217211322
-79.5424500000 39.9358152979
-79.5482940000 39.9437778587
-79.4790650000 39.8852325822
-79.4589690000 39.9015381650
-79.4838560000 39.9225717342
-79.4900820000 39.9548676658
-79.4428860000 39.9471472689
-79.2571870000 40.3234941079
-79.2325520000 40.3727354563
-79.2539900000 40.3856808172
-79.2504730000 40.3962232083
-79.2670670000 40.4374158015
-79.1856460000 40.4625247750
51
44
-76.7921830000 40.5274962741
-76.8210750000 40.5709309863
-76.8538510000 40.5360535060
-76.8769380000 40.5425182816
-76.8543470000 40.5923461364
-76.8620070000 40.6067753522
-76.8815920000 40.6021735594
-76.8746870000 40.5715616644
-76.8991930000 40.5627565197
-76.9170230000 40.5930387790
-76.9415590000 40.5816278595
-76.9456250000 40.5509747324
-76.9739760000 40.5573345954
-76.9567570000 40.5772354348
-76.9636380000 40.6100877226
-76.9931030000 40.6068472767
-76.9818500000 40.5887745032
-77.0161820000 40.5881109084
-77.0190580000 40.6106454741
-77.0672150000 40.6363977702
-77.0801320000 40.6271536441
-77.0896450000 40.6544557238
-77.1236500000 40.6653881227
-77.1405870000 40.6215159816
-77.1709590000 40.6263017257
-77.2342380000 40.5645512846
-77.2286990000 40.5508877177
-77.1774980000 40.4934036781
-77.1266560000 40.4680369973
-77.0956880000 40.4302856799
-77.0262600000 40.4154163067
-77.0204700000 40.3992096360
-76.9374470000 40.3861516369
-76.9425200000 40.3582602558
-76.9041140000 40.3841638875
-76.9179310000 40.3595464589
-76.9044720000 40.3512455979
-76.8919830000 40.3603342983
-76.8917470000 40.4211335657
-76.8223720000 40.4428308224
-76.7744060000 40.4235112416
-76.7657620000 40.4450125377
-76.7419820000 40.4638262604
-76.7921830000 40.5274962741
51
52
-77.3452220000 40.8707104767
-77.3621750000 40.8813745394
-77.3741530000 40.8549614743
-77.4044490000 40.8586862339
-77.3952710000 40.8879251827
-77.4220050000 40.8952635620
-77.4092860000 40.9097698842
-77.4264140000 40.9167529623
-77.4185940000 40.9607928145
-77.4439010000 41.0034088436
-77.4829860000 40.9896823761
-77.5283280000 41.0367786778
-77.5568620000 41.0395979613
-77.5459980000 41.0462433903
-77.5745770000 41.0832278624
-77.6163790000 41.0734068488
-77.6421430000 41.1264658258
-77.6873090000 41.1478093183
-77.7968670000 40.7953172028
-77.7032780000 40.7666822830
-77.6307910000 40.7645461713
-77.6084140000 40.7693189946
-77.5618060000 40.7353116151
-77.4977040000 40.7588180933
-77.4788970000 40.7338029333
-77.4486080000 40.7379676616
-77.4048000000 40.6414771259
-77.2286990000 40.5508877177
-77.2342380000 40.5645512846
-77.1709590000 40.6263017257
-77.1405870000 40.6215159816
-77.1236500000 40.6653881227
-77.1104130000 40.7118704031
-77.1484450000 40.7260728996
-77.1489640000 40.7118501912
-77.1867600000 40.7048583821
-77.1846010000 40.7414919042
-77.2116700000 40.7290559247
-77.2138290000 40.7440268125
-77.2418210000 40.7424851352
-77.2363510000 40.7913383076
-77.2476200000 40.7966296305
-77.2457580000 40.7709104110
-77.2702560000 40.7876731196
-77.2924730000 40.7763118220
-77.2939070000 40.8085093290
-77.3226620000 40.8007528973
-77.3018260000 40.8242125701
-77.3355410000 40.8286127831
-77.3222050000 40.8468482366
-77.3320690000 40.8747560210
-77.3452220000 40.8707104767
51
19
-80.2619860000 40.3047309921
-80.2585300000 40.2641632746
-80.1915050000 40.1696034565
-80.1780320000 40.0193156526
-80.1281200000 40.0312031476
-80.0850450000 40.0800918392
-80.0304110000 40.0962250780
-80.0013810000 40.0842754756
-79.9895100000 40.0572958941
-79.9539260000 40.0519217220
-79.8941190000 40.1091527247
-79.8824770000 40.1400983796
-79.8470840000 40.1599114159
-79.8571550000 40.2108744976
-79.8475950000 40.2650974189
-80.0737530000 40.4076016012
-80.1563950000 40.3563397935
-80.2009050000 40.3509586801
-80.2619860000 40.3047309921
51
18
-80.0224610000 40.2631549624
-79.9672470000 40.3000634347
-79.9581600000 40.2795067896
-79.9182740000 40.2880503458
-79.8831630000 40.2617795512
-79.8794560000 40.2407850139
-79.9181590000 40.2280894837
-79.9013600000 40.1961740543
-79.9503860000 40.1420860261
-79.9795840000 40.1664409063
-79.9987560000 40.1929063429
-80.0305630000 40.1844907152
-80.0329060000 40.2066463157
-80.0743790000 40.2007799476
-80.0927660000 40.2316085175
-80.1194760000 40.2384018798
-80.0322650000 40.2827737221
-80.0224610000 40.2631549624
51
29
-78.0041660000 42.3890982101
-78.0750200000 42.3018856396
-78.0565800000 42.2729459382
-78.1134800000 42.2700437368
-78.1302640000 42.2380973560
-78.0497440000 42.1569605560
-78.0261000000 42.1524030321
-78.0279010000 42.1037945917
-78.0072330000 42.0706679108
-78.0148620000 42.0620526042
-77.9357220000 42.0247524588
-77.9058760000 42.0239888269
-77.8922810000 42.0061413843
-77.9019470000 41.9870704581
-77.8715670000 41.9641506313
-77.8806690000 41.9495473189
-77.8602370000 41.9286719212
-77.8761140000 41.8834223495
-77.8136060000 41.8128285516
-77.7555690000 41.6850489311
-77.7355880000 41.6637612526
-77.6916890000 41.6811198243
-77.6353450000 41.6592102737
-77.6341710000 41.7307029303
-77.5312270000 41.8463507449
-77.7154850000 42.2056024084
-77.6550830000 42.3417123346
-77.9620440000 42.4331946400
-78.0041660000 42.3890982101
51
24
-77.2954030000 41.7861783114
-77.2255020000 41.9094276995
-77.2218090000 41.9504012273
-77.2565770000 42.0080821301
-77.2996220000 42.0372020936
-77.3177030000 42.0322251120
-77.3504100000 42.0575972152
-77.3690720000 42.0440644670
-77.3895650000 42.0861316056
-77.4055100000 42.0888805245
-77.4369580000 42.1502937145
-77.4935460000 42.1553797675
-77.5076140000 42.2064009365
-77.5359270000 42.2191295441
-77.5484090000 42.2189831692
-77.5500110000 42.2594352350
-77.6550830000 42.3417123346
-77.7154850000 42.2056024084
-77.5312270000 41.8463507449
-77.4816060000 41.8922844528
-77.4049070000 41.8417651580
-77.3712010000 41.8005997456
-77.3088070000 41.7756933897
-77.2954030000 41.7861783114
51
4
-77.4199750000 42.1098565704
-77.4408110000 42.1069595434
-77.4321440000 42.1308746251
-77.4199750000 42.1098565704
51
12
-77.4757080000 42.1344086772
-77.4348530000 42.1298137948
-77.4452130000 42.1128601366
-77.4593120000 42.1233746773
-77.4487080000 42.1019608164
-77.4556120000 42.0742624549
-77.5128860000 42.0723215887
-77.5055080000 42.0404762338
-77.5133130000 42.0510760240
-77.5214160000 42.0592698833
-77.5225370000 42.0828648075
-77.4757080000 42.1344086772
51
2
-77.4761580000 42.0981600174
-77.4761580000 42.0981600174
51
2
-77.4799800000 42.0964186784
-77.4799800000 42.0964186784
51
49
-77.3771060000 40.1843801700
-77.3528520000 40.2656543896
-77.3345490000 40.2692364304
-77.2971570000 40.2671027800
-77.2963710000 40.2672222230
-77.2840190000 40.2699179010
-77.2706760000 40.2796551698
-77.2448430000 40.3379161642
-77.2503890000 40.3554135557
-77.2675020000 40.3269399525
-77.2929000000 40.3216561239
-77.3100970000 40.3370039476
-77.2995220000 40.3826608294
-77.3237000000 40.3524801097
-77.3600540000 40.3482317455
-77.3586040000 40.3583949162
-77.3757020000 40.3565071717
-77.3974080000 40.4011939252
-77.4246060000 40.4101325580
-77.4206010000 40.4384675432
-77.5099030000 40.4676527062
-77.5285420000 40.5452306690
-77.5967100000 40.5498826398
-77.5961070000 40.5754883614
-77.6538240000 40.5842076532
-77.7977830000 40.4534942472
-77.8096770000 40.4122215929
-77.8550950000 40.4023661360
-77.8754730000 40.3994211572
-77.8747180000 40.3322479817
-77.7974090000 40.2956639918
-77.8066940000 40.2593858304
-77.7574230000 40.2138802028
-77.7073750000 40.2534583635
-77.6921620000 40.2303140006
-77.6667400000 40.2430865048
-77.6506120000 40.2097147130
-77.6133500000 40.2169576311
-77.5596390000 40.1593362294
-77.4475100000 40.1562456038
-77.4165040000 40.1695594966
-77.4153060000 40.2079983081
-77.4309080000 40.2237072129
-77.3979030000 40.2223260919
-77.3681030000 40.2507304708
-77.3632890000 40.2294744593
-77.3855060000 40.1793542711
-77.4036030000 40.1747104821
-77.3771060000 40.1843801700
51
12
-78.0036390000 39.9056713603
-78.0274120000 39.5994289193
-78.0462040000 39.3080931747
-77.7671200000 39.3096702387
-77.6558690000 39.5204391144
-77.6580350000 39.7451809289
-77.7139970000 39.7698107943
-77.7642590000 39.8440414909
-77.8388670000 39.8718007337
-77.8898160000 39.8631756487
-77.9686280000 39.8615944469
-78.0036390000 39.9056713603
51
23
-77.6187290000 41.6056504096
-77.6023860000 41.5608703041
-77.5696110000 41.5798084734
-77.5306170000 41.5309677846
-77.5228270000 41.5481688361
-77.4739000000 41.5458400831
-77.4471660000 41.4995423281
-77.4174350000 41.4635479914
-77.3703000000 41.4511170924
-77.3266910000 41.4492860889
-77.3473740000 41.4827439074
-77.3305740000 41.5628539507
-77.2862010000 41.5791084544
-77.3228680000 41.6902943838
-77.2954030000 41.7861783114
-77.3088070000 41.7756933897
-77.3712010000 41.8005997456
-77.4049070000 41.8417651580
-77.4816060000 41.8922844528
-77.5312270000 41.8463507449
-77.6341710000 41.7307029303
-77.6353450000 41.6592102737
-77.6187290000 41.6056504096
51
24
-78.5944370000 40.3768124743
-78.6310810000 40.3599504460
-78.6359180000 40.3998202789
-78.6689830000 40.4082450370
-78.8252410000 40.5715717553
-78.8249360000 40.5523985074
-78.8693160000 40.5584368641
-78.8987430000 40.5442016928
-78.8926390000 40.5264246261
-78.9086380000 40.5114203145
-78.9501420000 40.5085210847
-78.9416280000 40.4836922080
-79.0185240000 40.4170206303
-78.9517590000 40.2690214287
-78.9218060000 40.1854969331
-78.8616940000 40.1776673071
-78.8568120000 40.1436430240
-78.8242110000 40.1346617581
-78.8073650000 40.1305148174
-78.7775120000 40.1643899523
-78.7341080000 40.1531940083
-78.6815800000 40.1891437777
-78.5945210000 40.3104553851
-78.5944370000 40.3768124743
51
20
-78.7341610000 39.3053436436
-78.0462040000 39.3080931747
-78.0274120000 39.5994289193
-78.0555110000 39.5973764115
-78.1052090000 39.6279663351
-78.1173780000 39.6111455366
-78.2800290000 39.6532280651
-78.3285290000 39.6949479529
-78.3449020000 39.6799321930
-78.3681110000 39.7037728124
-78.4210660000 39.6916199390
-78.4301220000 39.7158884816
-78.4930270000 39.7410646910
-78.6485440000 39.4996647844
-78.5493770000 39.4102100862
-78.6520840000 39.4909497623
-78.7027130000 39.4723026746
-78.7130200000 39.3680871191
-78.7336730000 39.3394650503
-78.7341610000 39.3053436436
51
20
-76.5024800000 40.6648161571
-76.4223330000 40.6631823497
-76.4119260000 40.6761588984
-76.3610840000 40.6424263799
-76.2791600000 40.6500636795
-76.2934270000 40.6775416374
-76.3398900000 40.7021173815
-76.3209000000 40.7339722481
-76.3752520000 40.7715474908
-76.3640900000 40.8409709119
-76.4076080000 40.8679064110
-76.4191360000 40.9132423685
-76.4511340000 40.9109282086
-76.5080030000 40.9333721540
-76.5774840000 40.9241518472
-76.5985640000 40.8964229724
-76.6681820000 40.8568719133
-76.6037370000 40.8259693420
-76.5387730000 40.6846854818
-76.5024800000 40.6648161571
51
21
-80.0205150000 40.6913676218
-80.0350800000 40.7055240657
-80.1454160000 40.6269075335
-80.2209850000 40.6665017611
-80.3282390000 40.5860507667
-80.3125080000 40.5635460607
-80.3264770000 40.5489734130
-80.2825700000 40.5472369530
-80.3098300000 40.5101408608
-80.4756010000 40.4082500737
-80.4425050000 40.3095585280
-80.4460750000 40.2887885433
-80.4333570000 40.2722917708
-80.3192830000 40.3332947769
-80.2619860000 40.3047309921
-80.2009050000 40.3509586801
-80.1563950000 40.3563397935
-80.0737530000 40.4076016012
-79.9723280000 40.5599175062
-80.0270610000 40.6611748509
-80.0205150000 40.6913676218
51
29
-81.2251050000 40.1717261169
-81.3646850000 40.3011287394
-81.4166640000 40.2198906428
-81.4835590000 40.1914829576
-81.4991380000 40.2002095384
-81.5085220000 40.1691048266
-81.5561220000 40.1372394060
-81.6781620000 40.1301369187
-81.7233660000 40.1788266990
-81.7401280000 40.1753385171
-81.7640230000 40.1288914959
-81.8575060000 40.0956741233
-81.9010850000 40.0558318913
-81.8895420000 40.0162784915
-81.8183520000 39.9306146208
-81.7805400000 39.8253679556
-81.7090680000 39.8481997294
-81.6779560000 39.7945571128
-81.5734330000 39.8637966187
-81.4723590000 39.8993589162
-81.4811330000 39.8604151354
-81.4371800000 39.8898096355
-81.4617160000 39.9232081247
-81.2705000000 39.9932433697
-81.2650450000 40.0341605170
-81.3328320000 40.0635121987
-81.2658310000 40.0935481459
-81.2837220000 40.1452188826
-81.2251050000 40.1717261169
51
21
-77.3771060000 40.1843801700
-77.3306270000 40.1248967117
-77.3500980000 40.0951043467
-77.3992000000 40.0913418985
-77.3984990000 39.8683914218
-77.1554180000 40.0175600563
-77.0587840000 40.1163013406
-77.0136720000 40.1411618846
-77.0127330000 40.1685823356
-76.9724430000 40.1888422764
-77.0041500000 40.2587094644
-77.0710300000 40.2158693988
-77.0883560000 40.2699996276
-77.1270220000 40.2574485199
-77.2706760000 40.2796551698
-77.2840190000 40.2699179010
-77.2528150000 40.2455414063
-77.3304820000 40.2004206145
-77.3345490000 40.2692364304
-77.3528520000 40.2656543896
-77.3771060000 40.1843801700
51
3
-77.2971570000 40.2671027800
-77.2963710000 40.2672222230
-77.2971570000 40.2671027800
51
12
-77.6190260000 39.7243439871
-77.5553210000 39.6840070590
-77.4595030000 39.7009169231
-77.4894180000 39.5281437871
-77.4301300000 39.5118219920
-76.9535450000 39.8076439978
-76.9651410000 39.9452025446
-77.0746690000 39.9601736875
-77.0795590000 39.9830090018
-77.1554180000 40.0175600563
-77.3984990000 39.8683914218
-77.6190260000 39.7243439871
51
45
-80.0414960000 39.6200388375
-80.0143890000 39.6050385827
-80.0266490000 39.6182518695
-80.0118940000 39.6147080023
-79.9997630000 39.6654572649
-79.8017580000 39.6173802508
-79.7630540000 39.6251264471
-79.7603530000 39.6128836736
-79.7356570000 39.6433598955
-79.6681520000 39.6624738405
-79.6406560000 39.6972125183
-79.5940630000 39.9300746487
-79.5922930000 39.9396480193
-79.6228410000 39.9774622946
-79.6113510000 39.9845583772
-79.6787950000 40.0721755589
-79.7023540000 40.0831649243
-79.7011640000 40.0639099055
-79.7191010000 40.1158795636
-79.7752080000 40.1303327730
-79.7798840000 40.1675524340
-79.8036120000 40.1474703341
-79.8470840000 40.1599114159
-79.8824770000 40.1400983796
-79.8941190000 40.1091527247
-79.9539260000 40.0519217220
-79.9895100000 40.0572958941
-80.0013810000 40.0842754756
-80.0304110000 40.0962250780
-80.0850450000 40.0800918392
-80.1281200000 40.0312031476
-80.1084980000 39.9684303159
-80.1222380000 39.9454744527
-80.1053090000 39.9091584137
-80.1354900000 39.8813356860
-80.1216050000 39.8660364010
-80.1440280000 39.8518286355
-80.1346210000 39.8329307971
-80.1451260000 39.8138452563
-80.1724550000 39.8188193176
-80.2060930000 39.7467602010
-80.2354580000 39.7171997610
-80.0736620000 39.6849230218
-80.0727160000 39.6577652667
-80.0414960000 39.6200388375
51
13
-82.9851230000 39.3698158740
-82.2941510000 39.3722720548
-82.3320920000 39.5139387785
-82.4066310000 39.7224788112
-82.4045410000 39.7338679531
-82.6345520000 39.7251015689
-82.6986310000 39.6481676904
-82.7486500000 39.6676774028
-82.7713090000 39.6269272810
-82.8292310000 39.5615020877
-82.8247150000 39.5424981368
-82.9483800000 39.4698389464
-82.9851230000 39.3698158740
51
10
-77.1101990000 42.2144867479
-77.0899960000 42.1959987929
-77.0850980000 42.2148680748
-77.0479200000 42.2114592993
-77.0340500000 42.2119394732
-77.0382840000 42.2450583022
-77.1197890000 42.3310543571
-77.1721570000 42.2782431113
-77.1500020000 42.2563472083
-77.1101990000 42.2144867479
51
41
-77.6307910000 40.7645461713
-77.6556170000 40.6590651295
-77.6166690000 40.6037962114
-77.6538240000 40.5842076532
-77.5961070000 40.5754883614
-77.5295330000 40.5809012409
-77.5472110000 40.5976880694
-77.5314100000 40.6207789583
-77.4767070000 40.6010960129
-77.4743040000 40.6291086680
-77.4400020000 40.6282264411
-77.4380040000 40.6120701533
-77.4129030000 40.6048788361
-77.4110030000 40.5709461225
-77.3857040000 40.5433265674
-77.3947300000 40.5125207847
-77.4162980000 40.5231303305
-77.4206010000 40.4384675432
-77.4246060000 40.4101325580
-77.3974080000 40.4011939252
-77.3757020000 40.3565071717
-77.3586040000 40.3583949162
-77.3600540000 40.3482317455
-77.3237000000 40.3524801097
-77.2995220000 40.3826608294
-77.3100970000 40.3370039476
-77.2929000000 40.3216561239
-77.2675020000 40.3269399525
-77.2503890000 40.3554135557
-77.2481610000 40.3727115410
-77.2155230000 40.3601278989
-77.2259830000 40.3859074146
-77.1774980000 40.4934036781
-77.2286990000 40.5508877177
-77.4048000000 40.6414771259
-77.4486080000 40.7379676616
-77.4788970000 40.7338029333
-77.4977040000 40.7588180933
-77.5618060000 40.7353116151
-77.6084140000 40.7693189946
-77.6307910000 40.7645461713
51
25
-77.2503890000 40.3554135557
-77.2448430000 40.3379161642
-77.2706760000 40.2796551698
-77.1270220000 40.2574485199
-77.0883560000 40.2699996276
-77.0710300000 40.2158693988
-77.0041500000 40.2587094644
-76.9724430000 40.1888422764
-76.8831560000 40.1568835630
-76.8746870000 40.3362653732
-76.9158630000 40.3197263422
-76.9044720000 40.3512455979
-76.9179310000 40.3595464589
-76.9041140000 40.3841638875
-76.9425200000 40.3582602558
-76.9374470000 40.3861516369
-77.0204700000 40.3992096360
-77.0262600000 40.4154163067
-77.0956880000 40.4302856799
-77.1266560000 40.4680369973
-77.1774980000 40.4934036781
-77.2259830000 40.3859074146
-77.2155230000 40.3601278989
-77.2481610000 40.3727115410
-77.2503890000 40.3554135557
51
28
-78.9045870000 39.9050876921
-78.9729230000 39.9400978323
-79.0078660000 39.9153850758
-79.0922620000 39.9542085066
-79.2186360000 39.3049590391
-78.7341610000 39.3053436436
-78.7336730000 39.3394650503
-78.7130200000 39.3680871191
-78.7027130000 39.4723026746
-78.6520840000 39.4909497623
-78.5493770000 39.4102100862
-78.6485440000 39.4996647844
-78.6909030000 39.5506288556
-78.6665340000 39.5807319994
-78.6829760000 39.6176424848
-78.6670300000 39.6405919943
-78.6872940000 39.6585460569
-78.6659620000 39.6823201109
-78.7510760000 39.7791916991
-78.7276840000 39.7988908498
-78.7417680000 39.8818465810
-78.7571560000 39.8856959128
-78.7481000000 39.8622592245
-78.7703170000 39.8595125088
-78.7854540000 39.8180697506
-78.8174510000 39.8571677225
-78.8973460000 39.8493551061
-78.9045870000 39.9050876921
51
28
-78.1320110000 40.4483759046
-78.1848070000 40.4355126196
-78.2406010000 40.3502137044
-78.2350460000 40.3393228824
-78.2312320000 40.2488260208
-77.7960050000 40.1186337010
-77.7470700000 40.1187479354
-77.6854710000 40.1583830351
-77.6876450000 40.1701636333
-77.6608660000 40.1792776473
-77.6506120000 40.2097147130
-77.6667400000 40.2430865048
-77.6921620000 40.2303140006
-77.7073750000 40.2534583635
-77.7574230000 40.2138802028
-77.8066940000 40.2593858304
-77.7974090000 40.2956639918
-77.8747180000 40.3322479817
-77.8754730000 40.3994211572
-77.8550950000 40.4023661360
-77.8657990000 40.4494088728
-77.8941270000 40.4414666462
-77.8954930000 40.4703780570
-77.9985500000 40.5023271162
-78.0171660000 40.4695892974
-78.0477830000 40.4710698021
-78.0981450000 40.4308952647
-78.1320110000 40.4483759046
51
25
-77.8898160000 39.8631756487
-77.8388670000 39.8718007337
-77.7642590000 39.8440414909
-77.7139970000 39.7698107943
-77.6580350000 39.7451809289
-77.6381450000 39.7192273418
-77.6367650000 39.7354657921
-77.6190260000 39.7243439871
-77.3984990000 39.8683914218
-77.3992000000 40.0913418985
-77.4190290000 40.0845389982
-77.4229050000 40.1042688794
-77.4548950000 40.1118865830
-77.4475100000 40.1562456038
-77.5596390000 40.1593362294
-77.6133500000 40.2169576311
-77.6506120000 40.2097147130
-77.6608660000 40.1792776473
-77.6876450000 40.1701636333
-77.6854710000 40.1583830351
-77.7470700000 40.1187479354
-77.7960050000 40.1186337010
-77.8137360000 40.0899099987
-77.8996730000 40.0577839000
-77.8898160000 39.8631756487
51
35
-77.9357220000 42.0247524588
-78.0897900000 41.8984053941
-78.1697850000 41.8039689920
-78.2316130000 41.8155501199
-78.1191330000 41.6914139800
-78.1265110000 41.6803692537
-78.0926210000 41.6346776528
-78.1162570000 41.6095520686
-78.0829850000 41.5548495090
-78.1051860000 41.5358629269
-78.0940700000 41.5336504587
-78.0374980000 41.5345451255
-77.9958340000 41.5809280047
-77.9241180000 41.6009607291
-77.8924030000 41.6326580154
-77.7757030000 41.6023317696
-77.7878340000 41.6165254673
-77.7743680000 41.6366820241
-77.7024380000 41.5963822391
-77.6417010000 41.6179707245
-77.6409300000 41.5953262853
-77.6187290000 41.6056504096
-77.6353450000 41.6592102737
-77.6916890000 41.6811198243
-77.7355880000 41.6637612526
-77.7555690000 41.6850489311
-77.8136060000 41.8128285516
-77.8761140000 41.8834223495
-77.8602370000 41.9286719212
-77.8806690000 41.9495473189
-77.8715670000 41.9641506313
-77.9019470000 41.9870704581
-77.8922810000 42.0061413843
-77.9058760000 42.0239888269
-77.9357220000 42.0247524588
51
15
-76.4375610000 40.5234190338
-76.4516450000 40.4852460263
-76.4463120000 40.4032449889
-76.4065480000 40.3942339877
-76.4047850000 40.3798033226
-76.3375470000 40.3364088096
-76.2755660000 40.2607725216
-76.2453160000 40.3650048365
-76.2619550000 40.4730304043
-76.2974700000 40.5496859132
-76.3251110000 40.5214561212
-76.3553390000 40.5398765847
-76.4037700000 40.5502004299
-76.4135510000 40.5216338785
-76.4375610000 40.5234190338
51
18
-81.8368450000 39.7883295874
-81.6996990000 39.6144083155
-81.6213150000 39.4256596790
-81.6058350000 39.4258690469
-81.5389330000 39.4590247262
-81.5315700000 39.4948557103
-81.5439380000 39.5047896571
-81.2616200000 39.5810278360
-81.3231890000 39.7415373241
-81.3794250000 39.8176105030
-81.4371800000 39.8898096355
-81.4811330000 39.8604151354
-81.4723590000 39.8993589162
-81.5734330000 39.8637966187
-81.6779560000 39.7945571128
-81.7090680000 39.8481997294
-81.7805400000 39.8253679556
-81.8368450000 39.7883295874
51
31
-78.8392110000 41.1980624437
-78.7797090000 41.2431921645
-78.7880940000 41.2982295140
-78.7493520000 41.4002559155
-78.8922420000 41.5260576094
-78.9155580000 41.5253809356
-79.2243420000 41.7460660456
-79.2832410000 41.6696870505
-79.3122790000 41.6618392470
-79.3227620000 41.6485739064
-79.3086930000 41.6246181786
-79.3336640000 41.6168507439
-79.4009550000 41.5099041708
-79.4096150000 41.4468184935
-79.4382780000 41.4124954338
-79.4811630000 41.4130389125
-79.5121610000 41.3669207507
-79.5316620000 41.3312691220
-79.4830090000 41.3541046823
-79.4366760000 41.3445081018
-79.4899060000 41.2552839108
-79.4824070000 41.2470150546
-79.1574250000 40.9994552922
-79.0629500000 41.0330315966
-79.0446240000 40.9996491644
-79.0057910000 40.9875360954
-78.9420620000 41.0618801460
-78.8993000000 41.0726421620
-78.8925860000 41.1056207029
-78.9070510000 41.1214666308
-78.8392110000 41.1980624437
51
8
-79.0486830000 41.3769522300
-79.0227580000 41.3778695571
-79.0183260000 41.3233902189
-79.0486370000 41.2926821087
-79.0956190000 41.3082967913
-79.1132580000 41.3308660050
-79.1031720000 41.3624466920
-79.0486830000 41.3769522300
51
8
-78.9321060000 41.2440497283
-78.9500500000 41.2225190133
-78.9219740000 41.1778754131
-78.8742900000 41.1892526954
-78.8561550000 41.2256398893
-78.8672940000 41.2545571164
-78.9023060000 41.2625699575
-78.9321060000 41.2440497283
51
25
-79.3122790000 41.6618392470
-79.4766390000 41.7197377775
-79.4892350000 41.7479233834
-79.5373690000 41.8398381545
-79.6491780000 41.8912545268
-79.6697770000 41.8384328867
-79.6623760000 41.7934321994
-79.6973650000 41.7562614264
-79.6904530000 41.6859603853
-79.7299350000 41.6207732868
-79.7259750000 41.5997733607
-79.7649610000 41.5900824039
-79.8101120000 41.5255899266
-79.7865450000 41.4865537617
-79.7959210000 41.4752864221
-79.7044830000 41.4185069697
-79.5121610000 41.3669207507
-79.4811630000 41.4130389125
-79.4382780000 41.4124954338
-79.4096150000 41.4468184935
-79.4009550000 41.5099041708
-79.3336640000 41.6168507439
-79.3086930000 41.6246181786
-79.3227620000 41.6485739064
-79.3122790000 41.6618392470
51
23
-78.2080920000 41.3068080519
-78.1022260000 41.3311330539
-77.9548190000 41.2868287100
-77.7317890000 41.5438313100
-77.7024380000 41.5963822391
-77.7743680000 41.6366820241
-77.7878340000 41.6165254673
-77.7757030000 41.6023317696
-77.8924030000 41.6326580154
-77.9241180000 41.6009607291
-77.9958340000 41.5809280047
-78.0374980000 41.5345451255
-78.0940700000 41.5336504587
-78.1251750000 41.4914860429
-78.1489490000 41.4987269858
-78.1527560000 41.4757958810
-78.1839750000 41.4759219725
-78.1761700000 41.4706453803
-78.2222820000 41.4296795605
-78.2522510000 41.4365668353
-78.2868650000 41.4830355958
-78.3697970000 41.3724382480
-78.2080920000 41.3068080519
51
28
-77.2862010000 41.5791084544
-77.3305740000 41.5628539507
-77.3473740000 41.4827439074
-77.3266910000 41.4492860889
-77.2919010000 41.4443076744
-77.2914050000 41.4220315939
-77.2721020000 41.4547511940
-77.2241360000 41.4430446512
-77.2518010000 41.4290341434
-77.2418980000 41.4061202972
-77.2543030000 41.3788937679
-77.2191010000 41.3911062869
-77.1735990000 41.3495053224
-77.1159970000 41.3281446931
-77.0871960000 41.3423879575
-77.0732960000 41.3174636801
-77.0616910000 41.3430238685
-77.0512920000 41.3674105314
-77.0448530000 41.4633493284
-76.9976730000 41.4911994232
-77.0304180000 41.5338263327
-77.0118870000 41.6139411539
-77.0409090000 41.6470694730
-77.0840530000 41.6072651331
-77.1377330000 41.6058889175
-77.1704480000 41.5762676305
-77.2413640000 41.5594259404
-77.2862010000 41.5791084544
51
18
-76.6342320000 41.0953140509
-76.7654720000 41.1398025555
-76.7570420000 41.1756955928
-76.8218380000 41.2196649707
-76.8769070000 41.2954799222
-76.9369580000 41.2355303416
-76.9080660000 41.1213740086
-76.8735810000 41.1108524789
-76.8495410000 41.0555632554
-76.7908400000 41.0131071585
-76.7270130000 40.9107889557
-76.6681820000 40.8568719133
-76.5985640000 40.8964229724
-76.5774840000 40.9241518472
-76.5080030000 40.9333721540
-76.5482030000 40.9703460925
-76.5546950000 41.0487244550
-76.6342320000 41.0953140509
51
20
-76.8831560000 40.1568835630
-76.9724430000 40.1888422764
-77.0127330000 40.1685823356
-77.0136720000 40.1411618846
-77.0587840000 40.1163013406
-77.1554180000 40.0175600563
-77.0795590000 39.9830090018
-77.0746690000 39.9601736875
-76.9651410000 39.9452025446
-76.9535450000 39.8076439978
-76.8495940000 39.8724893719
-76.6976320000 39.9520756693
-76.6747060000 40.0528211595
-76.6415790000 40.0699836101
-76.6448750000 40.1180926586
-76.6730880000 40.1400883348
-76.7088320000 40.1338004651
-76.7454760000 40.0919066327
-76.8124920000 40.1573771052
-76.8831560000 40.1568835630
51
33
-76.6415790000 40.0699836101
-76.5780940000 40.1111196387
-76.5913770000 40.1460664669
-76.6008070000 40.1751702033
-76.6487350000 40.1772691226
-76.6798550000 40.2107111468
-76.6650850000 40.1916739136
-76.7345580000 40.1981679037
-76.7349470000 40.2282465807
-76.7246780000 40.2310379224
-76.7389370000 40.2615771387
-76.7276380000 40.2597365872
-76.7550660000 40.3222612331
-76.7419890000 40.3417853188
-76.7002560000 40.3356941458
-76.6586530000 40.3543564475
-76.7123030000 40.4187748395
-76.7419820000 40.4638262604
-76.7657620000 40.4450125377
-76.7744060000 40.4235112416
-76.8223720000 40.4428308224
-76.8917470000 40.4211335657
-76.8919830000 40.3603342983
-76.9044720000 40.3512455979
-76.9158630000 40.3197263422
-76.8746870000 40.3362653732
-76.8831560000 40.1568835630
-76.8124920000 40.1573771052
-76.7454760000 40.0919066327
-76.7088320000 40.1338004651
-76.6730880000 40.1400883348
-76.6448750000 40.1180926586
-76.6415790000 40.0699836101
51
5
-79.8347780000 40.9202636880
-79.8352200000 40.9444777418
-79.8040540000 40.9064177870
-79.8423610000 40.8936320581
-79.8347780000 40.9202636880
51
24
-79.6740040000 40.8374770768
-79.6121670000 40.9547879992
-79.6507570000 40.9748406008
-79.6897280000 40.9435165561
-79.7486800000 40.9920403009
-79.8814320000 41.0007604525
-79.9338070000 41.0788156338
-80.0560530000 41.0767357825
-80.1487350000 40.9943361990
-80.2270890000 40.8828121992
-80.2156300000 40.8562393133
-80.2479780000 40.8443826502
-80.2627110000 40.8066049352
-80.2520220000 40.7938315771
-80.2959140000 40.7487038097
-80.2674560000 40.6896626268
-80.2209850000 40.6665017611
-80.1454160000 40.6269075335
-80.0350800000 40.7055240657
-80.0205150000 40.6913676218
-79.9166950000 40.7612283429
-79.8446270000 40.8623352251
-79.8084950000 40.8827350004
-79.6740040000 40.8374770768
51
8
-79.9949420000 40.8867570185
-79.9875410000 40.9012278436
-79.9674610000 40.8885099031
-79.9777070000 40.8621277197
-79.9673540000 40.8317394758
-79.9922100000 40.8188918646
-80.0088200000 40.8357251485
-79.9949420000 40.8867570185
51
25
-78.4650800000 40.3034606289
-78.5116200000 40.2909327442
-78.5188600000 40.3090692225
-78.5486070000 40.3124755460
-78.5704190000 40.3446366412
-78.5792770000 40.3346146110
-78.5944370000 40.3768124743
-78.5945210000 40.3104553851
-78.6815800000 40.1891437777
-78.6855090000 40.1204049776
-78.6393970000 40.1179482975
-78.6341780000 40.0899388623
-78.5832290000 40.0533241960
-78.5459820000 40.0633741936
-78.4803700000 39.9840908041
-78.4433060000 39.9765497826
-78.3611370000 40.0097969478
-78.2856220000 40.0044304790
-78.2393570000 40.0276627031
-78.2312320000 40.2488260208
-78.2350460000 40.3393228824
-78.3239900000 40.2650597010
-78.3437880000 40.2767919767
-78.3531420000 40.2555011919
-78.4650800000 40.3034606289
51
53
-77.0701140000 41.0929864910
-77.1465000000 41.1022970795
-77.1754070000 41.0832329355
-77.1864780000 41.0254985939
-77.1750110000 41.0174338979
-77.1812740000 41.0004994190
-77.1693190000 41.0074550714
-77.1486820000 40.9858206268
-77.1635890000 40.9675479018
-77.1331940000 40.9670462884
-77.1411060000 40.9536329303
-77.1215210000 40.9308700967
-77.1204830000 40.8935599131
-77.0930250000 40.8961229925
-77.1061100000 40.8739929600
-77.0737230000 40.8494492541
-77.0887990000 40.8256215264
-77.0586400000 40.8196683880
-77.0346910000 40.7840611723
-76.9739690000 40.7675443253
-76.9644620000 40.7438536884
-76.9155880000 40.7493154635
-76.9123760000 40.7031480893
-76.8796080000 40.7031139849
-76.8549420000 40.6744339759
-76.8664250000 40.6527274128
-76.8147050000 40.6367587690
-76.8229830000 40.6207890545
-76.7943570000 40.6156325766
-76.7979740000 40.5952618302
-76.7773740000 40.5670246605
-76.7921830000 40.5274962741
-76.7419820000 40.4638262604
-76.7123030000 40.4187748395
-76.7009280000 40.4433926219
-76.6615830000 40.4532485906
-76.6464230000 40.4832549256
-76.6694180000 40.5420945963
-76.6540760000 40.6354536260
-76.7182160000 40.7045552260
-76.7510990000 40.7938897373
-76.8020400000 40.8773907173
-76.8432770000 40.8812631723
-76.8776700000 40.8616456510
-76.9159320000 40.8782550455
-76.9433290000 40.8628805616
-76.9457320000 40.9200851733
-77.0183030000 40.9421298826
-77.0426790000 40.9765951392
-77.0235600000 40.9859359195
-77.0245510000 41.0175935881
-77.0728380000 41.0696823886
-77.0701140000 41.0929864910
51
36
-76.9369580000 41.2355303416
-76.9892880000 41.2540285423
-76.9997940000 41.2776750140
-77.0323940000 41.2541644973
-77.0522920000 41.2818691809
-77.0616910000 41.3430238685
-77.0732960000 41.3174636801
-77.0871960000 41.3423879575
-77.1159970000 41.3281446931
-77.1055830000 41.2978799312
-77.1426770000 41.2934231843
-77.1439970000 41.2586193600
-77.1696620000 41.2376620206
-77.1217960000 41.1803739538
-77.1290280000 41.1570327345
-77.0759740000 41.1378520505
-77.0701140000 41.0929864910
-77.0728380000 41.0696823886
-77.0245510000 41.0175935881
-77.0235600000 40.9859359195
-77.0426790000 40.9765951392
-77.0183030000 40.9421298826
-76.9457320000 40.9200851733
-76.9433290000 40.8628805616
-76.9159320000 40.8782550455
-76.8776700000 40.8616456510
-76.8432770000 40.8812631723
-76.8020400000 40.8773907173
-76.7510990000 40.7938897373
-76.6681820000 40.8568719133
-76.7270130000 40.9107889557
-76.7908400000 41.0131071585
-76.8495410000 41.0555632554
-76.8735810000 41.1108524789
-76.9080660000 41.1213740086
-76.9369580000 41.2355303416
51
21
-78.4930270000 39.7410646910
-78.4301220000 39.7158884816
-78.4210660000 39.6916199390
-78.3681110000 39.7037728124
-78.3449020000 39.6799321930
-78.3285290000 39.6949479529
-78.2800290000 39.6532280651
-78.1173780000 39.6111455366
-78.1052090000 39.6279663351
-78.0555110000 39.5973764115
-78.0274120000 39.5994289193
-78.0036390000 39.9056713603
-78.0799100000 39.8904157515
-78.1615370000 39.9369241275
-78.1714320000 39.9727632022
-78.2246320000 39.9898811003
-78.2393570000 40.0276627031
-78.2856220000 40.0044304790
-78.3611370000 40.0097969478
-78.4433060000 39.9765497826
-78.4930270000 39.7410646910
51
13
-77.7960050000 40.1186337010
-78.2312320000 40.2488260208
-78.2393570000 40.0276627031
-78.2246320000 39.9898811003
-78.1714320000 39.9727632022
-78.1615370000 39.9369241275
-78.0799100000 39.8904157515
-78.0036390000 39.9056713603
-77.9686280000 39.8615944469
-77.8898160000 39.8631756487
-77.8996730000 40.0577839000
-77.8137360000 40.0899099987
-77.7960050000 40.1186337010
51
16
-77.4301300000 39.5118219920
-77.4894180000 39.5281437871
-77.4595030000 39.7009169231
-77.5553210000 39.6840070590
-77.6190260000 39.7243439871
-77.6367650000 39.7354657921
-77.6381450000 39.7192273418
-77.6580350000 39.7451809289
-77.6558690000 39.5204391144
-77.7671200000 39.3096702387
-77.2968750000 39.3089146886
-77.3547130000 39.3203020918
-77.3572390000 39.3778647088
-77.3858800000 39.4287641034
-77.5009000000 39.4651311075
-77.4301300000 39.5118219920
51
6
-77.5577390000 39.4855737320
-77.5575260000 39.5181887083
-77.5094760000 39.5240081871
-77.5088810000 39.4823726991
-77.5480500000 39.4672418764
-77.5577390000 39.4855737320
51
22
-76.6586530000 40.3543564475
-76.5907440000 40.2610025911
-76.5061650000 40.1823627439
-76.4525680000 40.1703846905
-76.3746640000 40.1909025542
-76.3073040000 40.2310090157
-76.4047850000 40.3798033226
-76.4065480000 40.3942339877
-76.4463120000 40.4032449889
-76.4516450000 40.4852460263
-76.4375610000 40.5234190338
-76.5479350000 40.5909217563
-76.5548630000 40.5747327780
-76.5955120000 40.6159745662
-76.6116180000 40.6085129125
-76.6540760000 40.6354536260
-76.6694180000 40.5420945963
-76.6464230000 40.4832549256
-76.6615830000 40.4532485906
-76.7009280000 40.4433926219
-76.7123030000 40.4187748395
-76.6586530000 40.3543564475
51
27
-76.5913770000 40.1460664669
-76.5636750000 40.1523463603
-76.4586720000 40.0034061198
-76.4355160000 39.9960553813
-76.4001690000 39.9972601965
-76.3944700000 40.0102985024
-76.4103090000 40.0343135302
-76.4125980000 40.0671254953
-76.3978880000 40.0832615480
-76.3854900000 40.1086305642
-76.3968120000 40.1360755008
-76.3747560000 40.1631880360
-76.3746640000 40.1909025542
-76.4525680000 40.1703846905
-76.5061650000 40.1823627439
-76.5907440000 40.2610025911
-76.6586530000 40.3543564475
-76.7002560000 40.3356941458
-76.7419890000 40.3417853188
-76.7550660000 40.3222612331
-76.7276380000 40.2597365872
-76.7100450000 40.2254666319
-76.6811830000 40.2444101073
-76.6798550000 40.2107111468
-76.6487350000 40.1772691226
-76.6008070000 40.1751702033
-76.5913770000 40.1460664669
51
22
-77.8550950000 40.4023661360
-77.8096770000 40.4122215929
-77.7977830000 40.4534942472
-77.6538240000 40.5842076532
-77.7633210000 40.6466829932
-77.8198930000 40.6423392804
-77.8311840000 40.6738707943
-77.9166180000 40.7470154639
-77.9544910000 40.7155995819
-77.9436490000 40.6804940742
-77.9571300000 40.6629222562
-78.0720750000 40.7037935507
-78.0891190000 40.6594072774
-78.1320110000 40.4483759046
-78.0981450000 40.4308952647
-78.0477830000 40.4710698021
-78.0171660000 40.4695892974
-77.9985500000 40.5023271162
-77.8954930000 40.4703780570
-77.8941270000 40.4414666462
-77.8657990000 40.4494088728
-77.8550950000 40.4023661360
51
24
-77.6538240000 40.5842076532
-77.6166690000 40.6037962114
-77.6556170000 40.6590651295
-77.6307910000 40.7645461713
-77.7032780000 40.7666822830
-77.7968670000 40.7953172028
-77.8337020000 40.8248791025
-77.8896480000 40.8352723089
-77.9498440000 40.9433379970
-77.9945220000 40.9646826616
-78.0179670000 41.0017374339
-78.0624850000 41.0168052789
-78.1593250000 40.8191043329
-78.0922010000 40.7671689188
-78.1099170000 40.7255422571
-78.0720750000 40.7037935507
-77.9571300000 40.6629222562
-77.9436490000 40.6804940742
-77.9544910000 40.7155995819
-77.9166180000 40.7470154639
-77.8311840000 40.6738707943
-77.8198930000 40.6423392804
-77.7633210000 40.6466829932
-77.6538240000 40.5842076532
51
47
-77.6421430000 41.1264658258
-77.6163790000 41.0734068488
-77.5745770000 41.0832278624
-77.5459980000 41.0462433903
-77.5568620000 41.0395979613
-77.5283280000 41.0367786778
-77.4829860000 40.9896823761
-77.4439010000 41.0034088436
-77.4185940000 40.9607928145
-77.4264140000 40.9167529623
-77.4092860000 40.9097698842
-77.4220050000 40.8952635620
-77.3952710000 40.8879251827
-77.4044490000 40.8586862339
-77.3741530000 40.8549614743
-77.3621750000 40.8813745394
-77.3452220000 40.8707104767
-77.2529450000 40.9732748456
-77.2411730000 41.0232450223
-77.2115400000 41.0124152030
-77.2101210000 40.9935100746
-77.1812740000 41.0004994190
-77.1750110000 41.0174338979
-77.1864780000 41.0254985939
-77.1754070000 41.0832329355
-77.1465000000 41.1022970795
-77.0701140000 41.0929864910
-77.0759740000 41.1378520505
-77.1290280000 41.1570327345
-77.1217960000 41.1803739538
-77.1696620000 41.2376620206
-77.1439970000 41.2586193600
-77.1426770000 41.2934231843
-77.1055830000 41.2978799312
-77.1159970000 41.3281446931
-77.1735990000 41.3495053224
-77.2191010000 41.3911062869
-77.2543030000 41.3788937679
-77.2418980000 41.4061202972
-77.2518010000 41.4290341434
-77.2241360000 41.4430446512
-77.2721020000 41.4547511940
-77.2914050000 41.4220315939
-77.2919010000 41.4443076744
-77.3266910000 41.4492860889
-77.3703000000 41.4511170924
-77.6421430000 41.1264658258
51
14
-81.0424040000 39.6350976481
-80.7404860000 39.7257891484
-80.8773730000 39.8938458900
-80.9126740000 39.9690620001
-81.1161420000 39.9077254998
-81.1319960000 39.9248129001
-81.1790620000 39.9088102036
-81.2254410000 39.9365795745
-81.3794250000 39.8176105030
-81.3231890000 39.7415373241
-81.2616200000 39.5810278360
-81.0885090000 39.5863992385
-81.0862120000 39.6116175275
-81.0424040000 39.6350976481
51
18
-78.2316130000 41.8155501199
-78.1697850000 41.8039689920
-78.0897900000 41.8984053941
-77.9357220000 42.0247524588
-78.0148620000 42.0620526042
-78.0072330000 42.0706679108
-78.0279010000 42.1037945917
-78.0261000000 42.1524030321
-78.0497440000 42.1569605560
-78.1302640000 42.2380973560
-78.1688920000 42.1994018568
-78.2007680000 42.1285708302
-78.2848740000 42.1062067674
-78.3179550000 42.0787173727
-78.3307190000 42.0393177770
-78.3169250000 41.9712726058
-78.3383180000 41.9371530989
-78.2316130000 41.8155501199
51
26
-79.6740040000 40.8374770768
-79.8084950000 40.8827350004
-79.8446270000 40.8623352251
-79.9166950000 40.7612283429
-80.0205150000 40.6913676218
-80.0270610000 40.6611748509
-79.9723280000 40.5599175062
-80.0737530000 40.4076016012
-79.8475950000 40.2650974189
-79.7892300000 40.3151196823
-79.7754750000 40.3502048956
-79.8141940000 40.3839964603
-79.7573620000 40.4105455763
-79.6772230000 40.4846297887
-79.6542360000 40.4829625649
-79.6291580000 40.4474298668
-79.5833360000 40.4444784411
-79.5595470000 40.5000381989
-79.5463490000 40.4917312578
-79.4985500000 40.5467804597
-79.5775220000 40.6071463319
-79.5735090000 40.6252756477
-79.6796260000 40.7062945973
-79.6680300000 40.7500724537
-79.6839140000 40.7842925249
-79.6740040000 40.8374770768
51
22
-79.4824070000 41.2470150546
-79.4899060000 41.2552839108
-79.4366760000 41.3445081018
-79.4830090000 41.3541046823
-79.5316620000 41.3312691220
-79.5121610000 41.3669207507
-79.7044830000 41.4185069697
-79.7959210000 41.4752864221
-79.9201660000 41.3693913072
-79.9187850000 41.3340871749
-79.9452360000 41.3055036766
-79.9267880000 41.2725126360
-79.9994810000 41.1312000826
-80.0560530000 41.0767357825
-79.9338070000 41.0788156338
-79.8814320000 41.0007604525
-79.7486800000 40.9920403009
-79.6897280000 40.9435165561
-79.6507570000 40.9748406008
-79.5115590000 41.1819533505
-79.5184940000 41.1867145559
-79.4824070000 41.2470150546
51
31
-77.2968750000 39.3089146886
-76.9163740000 39.3080035555
-76.9158940000 39.3179754566
-76.9306870000 39.3267171244
-76.9098130000 39.3509793526
-76.9117130000 39.3989129453
-76.8936770000 39.4098200778
-76.8976590000 39.4324581379
-76.9096760000 39.4376542050
-76.9608230000 39.4611116736
-76.9481740000 39.4714086930
-76.9658050000 39.4775632452
-76.9654080000 39.4952173802
-76.9629820000 39.5073777658
-76.9246520000 39.5119317594
-76.8899230000 39.5919756798
-76.8663640000 39.6128025099
-76.8517990000 39.6936757206
-76.8181610000 39.7274143559
-76.8270260000 39.7340529910
-76.8156280000 39.7686326178
-76.8337860000 39.7736380920
-76.8587880000 39.8217112748
-76.8495940000 39.8724893719
-76.9535450000 39.8076439978
-77.4301300000 39.5118219920
-77.5009000000 39.4651311075
-77.3858800000 39.4287641034
-77.3572390000 39.3778647088
-77.3547130000 39.3203020918
-77.2968750000 39.3089146886
51
17
-80.0414960000 39.6200388375
-80.0948940000 39.5985474841
-80.0938870000 39.5307811830
-80.0585710000 39.4521283987
-80.0534590000 39.3060132822
-79.7148510000 39.3053349308
-79.6406560000 39.6972125183
-79.6681520000 39.6624738405
-79.7356570000 39.6433598955
-79.7603530000 39.6128836736
-79.7630540000 39.6251264471
-79.8017580000 39.6173802508
-79.9997630000 39.6654572649
-80.0118940000 39.6147080023
-80.0266490000 39.6182518695
-80.0143890000 39.6050385827
-80.0414960000 39.6200388375
51
9
-79.8348310000 39.4586345195
-79.8291470000 39.4423145773
-79.8378300000 39.4512969335
-79.8402330000 39.4331423724
-79.9014430000 39.4800421351
-79.8763890000 39.5202158178
-79.8377080000 39.5075636134
-79.8440860000 39.4666471660
-79.8348310000 39.4586345195
51
27
-80.5439300000 39.8579413829
-80.5643080000 39.9394049457
-80.5423740000 39.9324888865
-80.5608060000 39.9807138166
-80.5683520000 39.9705246658
-80.5800550000 39.9893984576
-80.5945660000 40.0348829419
-80.5547100000 40.0607797345
-80.5296780000 40.0451944000
-80.5317080000 40.0733524819
-80.5506210000 40.0736636537
-80.5629040000 40.1047182178
-80.5169370000 40.1328186509
-80.5911100000 40.1095493678
-80.6139140000 40.1472643988
-80.6068730000 40.1843324347
-80.8025740000 40.1015917201
-80.8546300000 40.0620242631
-80.9306260000 40.0213872980
-80.9218060000 39.9961606924
-80.9126740000 39.9690620001
-80.8773730000 39.8938458900
-80.7404860000 39.7257891484
-80.6825870000 39.7459724373
-80.6804430000 39.7630846280
-80.6339870000 39.7917948336
-80.5439300000 39.8579413829
51
25
-77.0616910000 41.3430238685
-77.0522920000 41.2818691809
-77.0323940000 41.2541644973
-76.9997940000 41.2776750140
-76.9892880000 41.2540285423
-76.9369580000 41.2355303416
-76.8769070000 41.2954799222
-76.8218380000 41.2196649707
-76.7570420000 41.1756955928
-76.7654720000 41.1398025555
-76.6342320000 41.0953140509
-76.6171570000 41.1388292015
-76.5878070000 41.1445273379
-76.5725860000 41.1718362809
-76.5163730000 41.1817590984
-76.5356830000 41.2308149060
-76.5957950000 41.2727401203
-76.6049040000 41.3264521792
-76.8746870000 41.3562492627
-76.9484790000 41.4021737616
-76.9619520000 41.4631837762
-76.9976730000 41.4911994232
-77.0448530000 41.4633493284
-77.0512920000 41.3674105314
-77.0616910000 41.3430238685
51
30
-80.1281200000 40.0312031476
-80.1780320000 40.0193156526
-80.2845760000 39.9749002640
-80.3479310000 39.9044138479
-80.3997270000 39.8912472889
-80.4150850000 39.9036398098
-80.4176030000 39.8792958897
-80.4517520000 39.9040130507
-80.4940410000 39.8544749826
-80.5186840000 39.8916730789
-80.5439300000 39.8579413829
-80.6339870000 39.7917948336
-80.4641800000 39.5131441985
-80.4494860000 39.5583409485
-80.3948440000 39.5576745393
-80.3908230000 39.6151462959
-80.3454060000 39.6432075089
-80.3443760000 39.6671826462
-80.2354580000 39.7171997610
-80.2060930000 39.7467602010
-80.1724550000 39.8188193176
-80.1451260000 39.8138452563
-80.1346210000 39.8329307971
-80.1440280000 39.8518286355
-80.1216050000 39.8660364010
-80.1354900000 39.8813356860
-80.1053090000 39.9091584137
-80.1222380000 39.9454744527
-80.1084980000 39.9684303159
-80.1281200000 40.0312031476
51
35
-80.1780320000 40.0193156526
-80.1915050000 40.1696034565
-80.2585300000 40.2641632746
-80.2619860000 40.3047309921
-80.3192830000 40.3332947769
-80.4333570000 40.2722917708
-80.5026780000 40.2217228789
-80.6068730000 40.1843324347
-80.6139140000 40.1472643988
-80.5911100000 40.1095493678
-80.5169370000 40.1328186509
-80.5629040000 40.1047182178
-80.5506210000 40.0736636537
-80.5317080000 40.0733524819
-80.5296780000 40.0451944000
-80.5187380000 40.0615261988
-80.5075450000 40.0481083017
-80.5315780000 40.0158571589
-80.5551680000 40.0239418044
-80.5580220000 40.0014502137
-80.5800550000 39.9893984576
-80.5683520000 39.9705246658
-80.5608060000 39.9807138166
-80.5423740000 39.9324888865
-80.5643080000 39.9394049457
-80.5439300000 39.8579413829
-80.5186840000 39.8916730789
-80.4940410000 39.8544749826
-80.4517520000 39.9040130507
-80.4176030000 39.8792958897
-80.4150850000 39.9036398098
-80.3997270000 39.8912472889
-80.3479310000 39.9044138479
-80.2845760000 39.9749002640
-80.1780320000 40.0193156526
51
2
-80.5184100000 40.0434232731
-80.5184100000 40.0434232731
51
74
-77.1812740000 41.0004994190
-77.2101210000 40.9935100746
-77.2115400000 41.0124152030
-77.2411730000 41.0232450223
-77.2529450000 40.9732748456
-77.3452220000 40.8707104767
-77.3320690000 40.8747560210
-77.3222050000 40.8468482366
-77.3355410000 40.8286127831
-77.3018260000 40.8242125701
-77.3226620000 40.8007528973
-77.2939070000 40.8085093290
-77.2924730000 40.7763118220
-77.2702560000 40.7876731196
-77.2457580000 40.7709104110
-77.2476200000 40.7966296305
-77.2363510000 40.7913383076
-77.2418210000 40.7424851352
-77.2138290000 40.7440268125
-77.2116700000 40.7290559247
-77.1846010000 40.7414919042
-77.1867600000 40.7048583821
-77.1489640000 40.7118501912
-77.1484450000 40.7260728996
-77.1104130000 40.7118704031
-77.1236500000 40.6653881227
-77.0896450000 40.6544557238
-77.0801320000 40.6271536441
-77.0672150000 40.6363977702
-77.0190580000 40.6106454741
-77.0161820000 40.5881109084
-76.9818500000 40.5887745032
-76.9931030000 40.6068472767
-76.9636380000 40.6100877226
-76.9567570000 40.5772354348
-76.9739760000 40.5573345954
-76.9456250000 40.5509747324
-76.9415590000 40.5816278595
-76.9170230000 40.5930387790
-76.8991930000 40.5627565197
-76.8746870000 40.5715616644
-76.8815920000 40.6021735594
-76.8620070000 40.6067753522
-76.8543470000 40.5923461364
-76.8769380000 40.5425182816
-76.8538510000 40.5360535060
-76.8210750000 40.5709309863
-76.7921830000 40.5274962741
-76.7773740000 40.5670246605
-76.7979740000 40.5952618302
-76.7943570000 40.6156325766
-76.8229830000 40.6207890545
-76.8147050000 40.6367587690
-76.8664250000 40.6527274128
-76.8549420000 40.6744339759
-76.8796080000 40.7031139849
-76.9123760000 40.7031480893
-76.9155880000 40.7493154635
-76.9644620000 40.7438536884
-76.9739690000 40.7675443253
-77.0346910000 40.7840611723
-77.0586400000 40.8196683880
-77.0887990000 40.8256215264
-77.0737230000 40.8494492541
-77.1061100000 40.8739929600
-77.0930250000 40.8961229925
-77.1204830000 40.8935599131
-77.1215210000 40.9308700967
-77.1411060000 40.9536329303
-77.1331940000 40.9670462884
-77.1635890000 40.9675479018
-77.1486820000 40.9858206268
-77.1693190000 41.0074550714
-77.1812740000 41.0004994190
51
13
-78.2868650000 41.4830355958
-78.3477780000 41.4902465787
-78.3650590000 41.5094136356
-78.3638840000 41.5391498654
-78.4036870000 41.5647611473
-78.4287720000 41.6034515741
-78.4351960000 41.7113200413
-78.4529190000 41.7430846753
-78.4860000000 41.6741032493
-78.5524670000 41.5676640882
-78.6631770000 41.4910440121
-78.3697970000 41.3724382480
-78.2868650000 41.4830355958
51
25
-76.9246520000 39.5119317594
-76.9124220000 39.5007024586
-76.9249880000 39.4821769246
-76.9096760000 39.4376542050
-76.8976590000 39.4324581379
-76.5324170000 39.7720971484
-76.5185010000 39.7609035409
-76.4452970000 39.8044421742
-76.4696200000 39.8474937424
-76.6245730000 39.9887528486
-76.6282040000 39.9933862876
-76.6458210000 40.0340162835
-76.6415790000 40.0699836101
-76.6747060000 40.0528211595
-76.6976320000 39.9520756693
-76.8495940000 39.8724893719
-76.8587880000 39.8217112748
-76.8337860000 39.7736380920
-76.8156280000 39.7686326178
-76.8270260000 39.7340529910
-76.8181610000 39.7274143559
-76.8517990000 39.6936757206
-76.8663640000 39.6128025099
-76.8899230000 39.5919756798
-76.9246520000 39.5119317594
51
21
-78.4915700000 40.8800609224
-78.3066100000 41.1458002655
-78.2080920000 41.3068080519
-78.3697970000 41.3724382480
-78.6631770000 41.4910440121
-78.6561050000 41.4674003555
-78.7067640000 41.4494121443
-78.7493520000 41.4002559155
-78.7880940000 41.2982295140
-78.7797090000 41.2431921645
-78.8392110000 41.1980624437
-78.6829150000 40.8596769133
-78.6933520000 40.8476009556
-78.6677860000 40.8309868844
-78.6842120000 40.8316812920
-78.6832890000 40.8009324488
-78.6589200000 40.7863127759
-78.6440350000 40.7996490427
-78.6127400000 40.8286519926
-78.4997330000 40.8358465808
-78.4915700000 40.8800609224
51
13
-78.5053710000 41.1910392114
-78.5163350000 41.1887575052
-78.5020370000 41.2139050759
-78.4730300000 41.2266039906
-78.4699330000 41.1977043488
-78.4478610000 41.2097914468
-78.4604340000 41.1764458921
-78.4522320000 41.1725091099
-78.4687350000 41.1546122450
-78.5182190000 41.1510685689
-78.5236360000 41.1665426825
-78.4989320000 41.1794928550
-78.5053710000 41.1910392114
51
26
-81.2251050000 40.1717261169
-81.2837220000 40.1452188826
-81.2658310000 40.0935481459
-81.3328320000 40.0635121987
-81.2650450000 40.0341605170
-81.2705000000 39.9932433697
-81.4617160000 39.9232081247
-81.4371800000 39.8898096355
-81.3794250000 39.8176105030
-81.2254410000 39.9365795745
-81.1790620000 39.9088102036
-81.1319960000 39.9248129001
-81.1161420000 39.9077254998
-80.9126740000 39.9690620001
-80.9218060000 39.9961606924
-80.9306260000 40.0213872980
-80.8546300000 40.0620242631
-80.8762050000 40.0859657974
-80.8633190000 40.1002324600
-80.8703160000 40.1179344890
-80.8932720000 40.1027501815
-81.0112300000 40.2197084265
-80.9801480000 40.2444390181
-80.9796520000 40.2552899928
-81.0929640000 40.2319817941
-81.2251050000 40.1717261169
51
21
-78.3866810000 42.1972041639
-78.5094220000 42.0631908395
-78.5489430000 42.0796814582
-78.6417690000 41.9082747357
-78.6894300000 41.7861783114
-78.6311720000 41.7683578495
-78.6229100000 41.7306301314
-78.5585170000 41.7071650891
-78.5480730000 41.6802096945
-78.4860000000 41.6741032493
-78.4529190000 41.7430846753
-78.4427030000 41.8096302685
-78.3818050000 41.8520044005
-78.3837130000 41.8862381207
-78.3383180000 41.9371530989
-78.3169250000 41.9712726058
-78.3307190000 42.0393177770
-78.3179550000 42.0787173727
-78.2848740000 42.1062067674
-78.2951050000 42.1377940551
-78.3866810000 42.1972041639
51
9
-78.3066100000 41.1458002655
-78.4915700000 40.8800609224
-78.4664080000 40.8361640762
-78.4218980000 40.8086155513
-78.2397610000 40.7456519193
-78.2214890000 40.7782067507
-78.1593250000 40.8191043329
-78.0624850000 41.0168052789
-78.3066100000 41.1458002655
51
28
-78.4529190000 41.7430846753
-78.4351960000 41.7113200413
-78.4287720000 41.6034515741
-78.4036870000 41.5647611473
-78.3638840000 41.5391498654
-78.3650590000 41.5094136356
-78.3477780000 41.4902465787
-78.2868650000 41.4830355958
-78.2522510000 41.4365668353
-78.2222820000 41.4296795605
-78.1761700000 41.4706453803
-78.1839750000 41.4759219725
-78.1527560000 41.4757958810
-78.1489490000 41.4987269858
-78.1251750000 41.4914860429
-78.0940700000 41.5336504587
-78.1051860000 41.5358629269
-78.0829850000 41.5548495090
-78.1162570000 41.6095520686
-78.0926210000 41.6346776528
-78.1265110000 41.6803692537
-78.1191330000 41.6914139800
-78.2316130000 41.8155501199
-78.3383180000 41.9371530989
-78.3837130000 41.8862381207
-78.3818050000 41.8520044005
-78.4427030000 41.8096302685
-78.4529190000 41.7430846753
51
17
-78.0720750000 40.7037935507
-78.1099170000 40.7255422571
-78.0922010000 40.7671689188
-78.1593250000 40.8191043329
-78.2214890000 40.7782067507
-78.2397610000 40.7456519193
-78.2497180000 40.6750602984
-78.4650800000 40.3034606289
-78.3531420000 40.2555011919
-78.3437880000 40.2767919767
-78.3239900000 40.2650597010
-78.2350460000 40.3393228824
-78.2406010000 40.3502137044
-78.1848070000 40.4355126196
-78.1320110000 40.4483759046
-78.0891190000 40.6594072774
-78.0720750000 40.7037935507
51
31
-78.8252410000 40.5715717553
-78.6689830000 40.4082450370
-78.6359180000 40.3998202789
-78.6310810000 40.3599504460
-78.5944370000 40.3768124743
-78.5792770000 40.3346146110
-78.5704190000 40.3446366412
-78.5486070000 40.3124755460
-78.5188600000 40.3090692225
-78.5116200000 40.2909327442
-78.4650800000 40.3034606289
-78.2497180000 40.6750602984
-78.2397610000 40.7456519193
-78.4218980000 40.8086155513
-78.4664080000 40.8361640762
-78.4915700000 40.8800609224
-78.4997330000 40.8358465808
-78.6127400000 40.8286519926
-78.6440350000 40.7996490427
-78.6559370000 40.7627324106
-78.6418610000 40.7368165304
-78.6597370000 40.7292479736
-78.6921390000 40.7554044163
-78.6884380000 40.7298797163
-78.7188340000 40.7096635368
-78.7149350000 40.6787223484
-78.8212430000 40.6716509321
-78.8099370000 40.6386988458
-78.8324360000 40.6203990907
-78.8134540000 40.5915323825
-78.8252410000 40.5715717553
51
14
-76.8976590000 39.4324581379
-76.8936770000 39.4098200778
-76.9117130000 39.3989129453
-76.9098130000 39.3509793526
-76.9306870000 39.3267171244
-76.9158940000 39.3179754566
-76.4915080000 39.3162563471
-76.4561690000 39.6482438876
-76.4203640000 39.7099710732
-76.3995670000 39.7907489915
-76.4452970000 39.8044421742
-76.5185010000 39.7609035409
-76.5324170000 39.7720971484
-76.8976590000 39.4324581379
51
18
-76.1770940000 39.7896331057
-76.1976620000 39.7335953979
-76.1801610000 39.6877259476
-76.2001570000 39.6619878560
-76.2260590000 39.6769770555
-76.2127610000 39.6193907299
-76.2036590000 39.5891805525
-76.1517560000 39.5748229493
-76.0672530000 39.4901117252
-76.0655520000 39.4842519057
-76.1171570000 39.4609358895
-76.1223530000 39.3160559316
-75.8552250000 39.3209755692
-75.9876560000 39.7864694151
-76.0330810000 39.8038028233
-76.0978780000 39.7756993931
-76.1804960000 39.7972969525
-76.1770940000 39.7896331057
51
5
-78.1999210000 42.6469323085
-78.1828230000 42.5837629352
-78.1382290000 42.6514359536
-78.1821900000 42.6775669270
-78.1999210000 42.6469323085
51
11
-76.3944700000 40.0102985024
-76.3509670000 40.0109254494
-76.3446660000 39.9985139225
-76.2876740000 40.0241512343
-76.3288800000 40.0543817102
-76.3497620000 40.0911787537
-76.3843990000 40.0720024094
-76.3978880000 40.0832615480
-76.4125980000 40.0671254953
-76.4103090000 40.0343135302
-76.3944700000 40.0102985024
51
14
-76.4203640000 39.7099710732
-76.3912660000 39.6949716981
-76.3882680000 39.6832260608
-76.4008640000 39.6507409406
-76.3779830000 39.6125552732
-76.2941590000 39.6241398743
-76.2899630000 39.6546146871
-76.3003850000 39.6889456146
-76.3307880000 39.7125409884
-76.3418270000 39.7830231260
-76.3418270000 39.8030621326
-76.3844220000 39.8159111808
-76.3995670000 39.7907489915
-76.4203640000 39.7099710732
51
18
-77.5961070000 40.5754883614
-77.5967100000 40.5498826398
-77.5285420000 40.5452306690
-77.5099030000 40.4676527062
-77.4206010000 40.4384675432
-77.4162980000 40.5231303305
-77.3947300000 40.5125207847
-77.3857040000 40.5433265674
-77.4110030000 40.5709461225
-77.4129030000 40.6048788361
-77.4380040000 40.6120701533
-77.4400020000 40.6282264411
-77.4743040000 40.6291086680
-77.4767070000 40.6010960129
-77.5314100000 40.6207789583
-77.5472110000 40.5976880694
-77.5295330000 40.5809012409
-77.5961070000 40.5754883614
51
11
-77.3992000000 40.0913418985
-77.3500980000 40.0951043467
-77.3306270000 40.1248967117
-77.3771060000 40.1843801700
-77.4036030000 40.1747104821
-77.4165040000 40.1695594966
-77.4475100000 40.1562456038
-77.4548950000 40.1118865830
-77.4229050000 40.1042688794
-77.4190290000 40.0845389982
-77.3992000000 40.0913418985
51
8
-79.0486830000 41.3769522300
-79.0227580000 41.3778695571
-79.0183260000 41.3233902189
-79.0486370000 41.2926821087
-79.0956190000 41.3082967913
-79.1132580000 41.3308660050
-79.1031720000 41.3624466920
-79.0486830000 41.3769522300
51
10
-80.5800550000 39.9893984576
-80.5580220000 40.0014502137
-80.5551680000 40.0239418044
-80.5315780000 40.0158571589
-80.5075450000 40.0481083017
-80.5187380000 40.0615261988
-80.5296780000 40.0451944000
-80.5547100000 40.0607797345
-80.5945660000 40.0348829419
-80.5800550000 39.9893984576
51
2
-80.5184100000 40.0434232731
-80.5184100000 40.0434232731
51
8
-78.9321060000 41.2440497283
-78.9500500000 41.2225190133
-78.9219740000 41.1778754131
-78.8742900000 41.1892526954
-78.8561550000 41.2256398893
-78.8672940000 41.2545571164
-78.9023060000 41.2625699575
-78.9321060000 41.2440497283
51
10
-76.6798550000 40.2107111468
-76.6811830000 40.2444101073
-76.7100450000 40.2254666319
-76.7276380000 40.2597365872
-76.7389370000 40.2615771387
-76.7246780000 40.2310379224
-76.7349470000 40.2282465807
-76.7345580000 40.1981679037
-76.6650850000 40.1916739136
-76.6798550000 40.2107111468
51
15
-80.0224610000 40.2631549624
-80.0156630000 40.2175331678
-80.0329060000 40.2066463157
-80.0305630000 40.1844907152
-79.9987560000 40.1929063429
-79.9795840000 40.1664409063
-79.9503860000 40.1420860261
-79.9013600000 40.1961740543
-79.9181590000 40.2280894837
-79.8794560000 40.2407850139
-79.8831630000 40.2617795512
-79.9182740000 40.2880503458
-79.9581600000 40.2795067896
-79.9672470000 40.3000634347
-80.0224610000 40.2631549624
51
8
-80.0224610000 40.2631549624
-80.0322650000 40.2827737221
-80.1194760000 40.2384018798
-80.0927660000 40.2316085175
-80.0743790000 40.2007799476
-80.0329060000 40.2066463157
-80.0156630000 40.2175331678
-80.0224610000 40.2631549624
51
9
-82.6139530000 39.7692579751
-82.6220250000 39.7863017888
-82.5909190000 39.7956693031
-82.5895000000 39.8162978428
-82.6333850000 39.8176780760
-82.6575550000 39.7806764682
-82.6467900000 39.7577270469
-82.6175840000 39.7600593836
-82.6139530000 39.7692579751
51
9
-77.1101990000 42.2144867479
-77.1416470000 42.1920567373
-77.1344450000 42.1571466084
-77.0402980000 42.1419736752
-77.0378950000 42.1974390783
-77.0479200000 42.2114592993
-77.0850980000 42.2148680748
-77.0899960000 42.1959987929
-77.1101990000 42.2144867479
51
8
-82.1219330000 39.4350779475
-82.1219330000 39.4350779475
-82.1220550000 39.4479674053
-82.1444550000 39.4660250305
-82.1285550000 39.4726979243
-82.1065900000 39.4412401413
-82.1083150000 39.4173551204
-82.1460720000 39.3710564118
51
4
-82.1219330000 39.4350779475
-82.1150670000 39.4252982712
-82.2435610000 39.3722160054
-82.1460720000 39.3710564118
51
11
-79.4701610000 39.3039433919
-79.3426900000 39.3046229782
-79.3355260000 39.3406292433
-79.3027730000 39.3457630671
-79.3978420000 39.4320019842
-79.4220350000 39.3789720680
-79.4997790000 39.3988357002
-79.5131300000 39.3848117614
-79.4934160000 39.3561286730
-79.4567340000 39.3487752538
-79.4701610000 39.3039433919
51
13
-76.2260590000 39.6769770555
-76.2001570000 39.6619878560
-76.1801610000 39.6877259476
-76.1976620000 39.7335953979
-76.1770940000 39.7896331057
-76.2995610000 39.8378007187
-76.3322600000 39.8347355552
-76.3356630000 39.8060124182
-76.3418270000 39.7830231260
-76.3307880000 39.7125409884
-76.3003850000 39.6889456146
-76.2899630000 39.6546146871
-76.2260590000 39.6769770555
51
7
-77.3345490000 40.2692364304
-77.3304820000 40.2004206145
-77.2528150000 40.2455414063
-77.2840190000 40.2699179010
-77.2963710000 40.2672222230
-77.2971570000 40.2671027800
-77.3345490000 40.2692364304
51
7
-77.4471660000 41.4995423281
-77.4739000000 41.5458400831
-77.5228270000 41.5481688361
-77.5306170000 41.5309677846
-77.4920650000 41.4856009649
-77.4574660000 41.4825987004
-77.4471660000 41.4995423281
51
11
-79.0852430000 40.3727404911
-79.1076810000 40.3879531102
-79.1186220000 40.3767356903
-79.1856460000 40.4625247750
-79.2670670000 40.4374158015
-79.2504730000 40.3962232083
-79.2539900000 40.3856808172
-79.2325520000 40.3727354563
-79.2571870000 40.3234941079
-79.2149810000 40.2950540223
-79.0852430000 40.3727404911
51
18
-76.4203640000 39.7099710732
-76.4561690000 39.6482438876
-76.4915080000 39.3162563471
-76.1223530000 39.3160559316
-76.1171570000 39.4609358895
-76.0655520000 39.4842519057
-76.0672530000 39.4901117252
-76.1517560000 39.5748229493
-76.2036590000 39.5891805525
-76.2127610000 39.6193907299
-76.2260590000 39.6769770555
-76.2899630000 39.6546146871
-76.2941590000 39.6241398743
-76.3779830000 39.6125552732
-76.4008640000 39.6507409406
-76.3882680000 39.6832260608
-76.3912660000 39.6949716981
-76.4203640000 39.7099710732
51
21
-76.5913770000 40.1460664669
-76.5780940000 40.1111196387
-76.6415790000 40.0699836101
-76.6458210000 40.0340162835
-76.6282040000 39.9933862876
-76.6245730000 39.9887528486
-76.4696200000 39.8474937424
-76.4452970000 39.8044421742
-76.3995670000 39.7907489915
-76.3844220000 39.8159111808
-76.3692090000 39.8309446014
-76.3616100000 39.8384590721
-76.4011150000 39.8744000561
-76.4038700000 39.8689686048
-76.4239650000 39.9072908703
-76.4422680000 39.9002769500
-76.4508670000 39.9718156406
-76.4355160000 39.9960553813
-76.4586720000 40.0034061198
-76.5636750000 40.1523463603
-76.5913770000 40.1460664669
51
5
-79.4216230000 40.8650581435
-79.4155120000 40.8697551109
-79.4523240000 40.8748813003
-79.4571690000 40.8452605888
-79.4216230000 40.8650581435
51
10
-77.4757080000 42.1344086772
-77.5225370000 42.0828648075
-77.5214160000 42.0592698833
-77.5133130000 42.0510760240
-77.5055080000 42.0404762338
-77.5128860000 42.0723215887
-77.4556120000 42.0742624549
-77.4487080000 42.1019608164
-77.4593120000 42.1233746773
-77.4757080000 42.1344086772
51
2
-77.4761580000 42.0981600174
-77.4761580000 42.0981600174
51
2
-77.4799800000 42.0964186784
-77.4799800000 42.0964186784
51
4
-77.4199750000 42.1098565704
-77.4408110000 42.1069595434
-77.4321440000 42.1308746251
-77.4199750000 42.1098565704
51
5
-77.4593120000 42.1233746773
-77.4452130000 42.1128601366
-77.4348530000 42.1298137948
-77.4757080000 42.1344086772
-77.4593120000 42.1233746773
51
24
-76.3418270000 39.7830231260
-76.3356630000 39.8060124182
-76.3322600000 39.8347355552
-76.2995610000 39.8378007187
-76.2777480000 39.8517334986
-76.2877270000 39.8788613899
-76.2595520000 39.9823922672
-76.2755970000 40.0261414687
-76.2876740000 40.0241512343
-76.3446660000 39.9985139225
-76.3509670000 40.0109254494
-76.3944700000 40.0102985024
-76.4001690000 39.9972601965
-76.4355160000 39.9960553813
-76.4508670000 39.9718156406
-76.4422680000 39.9002769500
-76.4239650000 39.9072908703
-76.4038700000 39.8689686048
-76.4011150000 39.8744000561
-76.3616100000 39.8384590721
-76.3692090000 39.8309446014
-76.3844220000 39.8159111808
-76.3418270000 39.8030621326
-76.3418270000 39.7830231260
51
7
-77.2702330000 42.2424228410
-77.3255540000 42.2433783795
-77.3350370000 42.2264280449
-77.3186040000 42.2040836836
-77.2882080000 42.2049849019
-77.2720030000 42.2114053762
-77.2702330000 42.2424228410
51
2
-77.3084030000 42.2139718948
-77.3084030000 42.2139718948
51
9
-77.4036030000 40.1747104821
-77.3855060000 40.1793542711
-77.3632890000 40.2294744593
-77.3681030000 40.2507304708
-77.3979030000 40.2223260919
-77.4309080000 40.2237072129
-77.4153060000 40.2079983081
-77.4165040000 40.1695594966
-77.4036030000 40.1747104821
51
9
-79.8348310000 39.4586345195
-79.8291470000 39.4423145773
-79.8378300000 39.4512969335
-79.8402330000 39.4331423724
-79.9014430000 39.4800421351
-79.8763890000 39.5202158178
-79.8377080000 39.5075636134
-79.8440860000 39.4666471660
-79.8348310000 39.4586345195
51
4
-77.1721570000 42.2782431113
-77.1940000000 42.2698381837
-77.1500020000 42.2563472083
-77.1721570000 42.2782431113
51
9
-80.9321670000 39.4666908029
-80.9417040000 39.4750332974
-80.9496150000 39.4556812170
-80.9239500000 39.4276511850
-80.9293370000 39.4091883424
-80.9141690000 39.4402367636
-80.8784480000 39.4931384205
-80.9163440000 39.4939128807
-80.9321670000 39.4666908029
51
6
-77.5577390000 39.4855737320
-77.5575260000 39.5181887083
-77.5094760000 39.5240081871
-77.5088810000 39.4823726991
-77.5480500000 39.4672418764
-77.5577390000 39.4855737320
51
13
-78.5053710000 41.1910392114
-78.5163350000 41.1887575052
-78.5020370000 41.2139050759
-78.4730300000 41.2266039906
-78.4699330000 41.1977043488
-78.4478610000 41.2097914468
-78.4604340000 41.1764458921
-78.4522320000 41.1725091099
-78.4687350000 41.1546122450
-78.5182190000 41.1510685689
-78.5236360000 41.1665426825
-78.4989320000 41.1794928550
-78.5053710000 41.1910392114
51
10
-76.9096760000 39.4376542050
-76.9249880000 39.4821769246
-76.9124220000 39.5007024586
-76.9246520000 39.5119317594
-76.9629820000 39.5073777658
-76.9654080000 39.4952173802
-76.9658050000 39.4775632452
-76.9481740000 39.4714086930
-76.9608230000 39.4611116736
-76.9096760000 39.4376542050
51
8
-79.9949420000 40.8867570185
-79.9875410000 40.9012278436
-79.9674610000 40.8885099031
-79.9777070000 40.8621277197
-79.9673540000 40.8317394758
-79.9922100000 40.8188918646
-80.0088200000 40.8357251485
-79.9949420000 40.8867570185
51
6
-79.3554530000 40.7684607280
-79.3287510000 40.8338771211
-79.3809660000 40.8114519843
-79.3677290000 40.7931033130
-79.3749470000 40.7559011043
-79.3554530000 40.7684607280
51
9
-78.9064480000 41.6858671970
-78.9143520000 41.6344633115
-78.8911210000 41.6353640590
-78.8829730000 41.6612840935
-78.8280640000 41.6724822500
-78.8243790000 41.6916680294
-78.8706050000 41.7594719085
-78.9152220000 41.6956320564
-78.9064480000 41.6858671970
51
7
-79.5423430000 40.2951307399
-79.5559920000 40.3079170375
-79.5359570000 40.3230475034
-79.4880070000 40.3118616943
-79.5019450000 40.2784027479
-79.5395050000 40.2750165136
-79.5423430000 40.2951307399
51
5
-79.8347780000 40.9202636880
-79.8352200000 40.9444777418
-79.8040540000 40.9064177870
-79.8423610000 40.8936320581
-79.8347780000 40.9202636880
